0	41.16896650	-8.64447470
1	41.16587350	-8.64447740
2	41.16707980	-8.64243380
3	41.16738560	-8.64254300
4	41.16697760	-8.64171320
5	41.16763120	-8.64248660
6	41.16581200	-8.64392600
7	41.16598140	-8.64050500
8	41.16865950	-8.63997340
9	41.16834700	-8.64204460
10	41.16819720	-8.64324780
11	41.17389660	-8.61824150
12	41.17384640	-8.61915590
13	41.17432310	-8.61129070
14	41.17142700	-8.59807450
15	41.17128010	-8.59700310
16	41.17123310	-8.59370280
17	41.17311010	-8.59471950
18	41.17341580	-8.59479810
19	41.17209130	-8.59533220
20	41.17178410	-8.59709680
21	41.16565810	-8.64050310
22	41.14942250	-8.61121320
23	41.14879870	-8.61213510
24	41.14997890	-8.61314230
25	41.14992450	-8.61481310
26	41.14995750	-8.61404450
27	41.14825990	-8.61439700
28	41.14754780	-8.61336820
29	41.14827740	-8.61312800
30	41.15165890	-8.62131690
31	41.15069150	-8.62315550
32	41.14770960	-8.62014380
33	41.15022600	-8.62306160
34	41.15158170	-8.61763390
35	41.15071460	-8.62109340
36	41.15374840	-8.61328400
37	41.15359700	-8.61199570
38	41.15523410	-8.61909760
39	41.15416470	-8.61333030
40	41.15287190	-8.61359350
41	41.15249430	-8.61806510
42	41.15519880	-8.61888070
43	41.15501480	-8.61904200
44	41.15260180	-8.62077800
45	41.15291760	-8.62407190
46	41.15319260	-8.62450740
47	41.14743810	-8.61609190
48	41.14796480	-8.61599440
49	41.15528220	-8.61331730
50	41.15653740	-8.62078850
51	41.15522170	-8.61193600
52	41.15662750	-8.61190320
53	41.15299400	-8.61201770
54	41.15184870	-8.61014250
55	41.14837800	-8.59856290
56	41.14869040	-8.60058900
57	41.15259790	-8.60802240
58	41.14913750	-8.60948720
59	41.15092540	-8.60673780
60	41.15093580	-8.60425410
61	41.15563130	-8.60260100
62	41.15456780	-8.60304270
63	41.15385290	-8.59604730
64	41.15328190	-8.59972280
65	41.15050260	-8.60023880
66	41.15055620	-8.60067720
67	41.14728940	-8.60262100
68	41.14919820	-8.60317130
69	41.15509420	-8.60555540
70	41.15354680	-8.60622620
71	41.15481510	-8.60469340
72	41.15875050	-8.60453530
73	41.16035490	-8.60444310
74	41.14899350	-8.60210600
75	41.15100980	-8.60224820
76	41.15454200	-8.60056460
77	41.15452950	-8.59947780
78	41.15072450	-8.65086330
79	41.14833030	-8.63752310
80	41.14976120	-8.64083580
81	41.15107200	-8.63810320
82	41.15108100	-8.63569950
83	41.15102300	-8.63588140
84	41.15396180	-8.64493680
85	41.15015760	-8.63785800
86	41.14559200	-8.63072010
87	41.14472780	-8.62689870
88	41.14278070	-8.61527940
89	41.14077500	-8.61531650
90	41.14519860	-8.63972080
91	41.14823140	-8.64046090
92	41.16431340	-8.63643250
93	41.16452590	-8.63724180
94	41.17523110	-8.65199320
95	41.16605710	-8.64010330
96	41.16600240	-8.63903450
97	41.16537240	-8.63945740
98	41.16691020	-8.64177490
99	41.17248220	-8.62929280
100	41.17280670	-8.62666870
101	41.16340100	-8.63374280
102	41.16321470	-8.63347360
103	41.14605980	-8.57943230
104	41.14801760	-8.58150750
105	41.14556750	-8.58118000
106	41.15137170	-8.57972790
107	41.14919950	-8.58086140
108	41.15221280	-8.58032450
109	41.14758650	-8.58123310
110	41.14734040	-8.58058930
111	41.14638500	-8.57966260
112	41.14156880	-8.61286920
113	41.14124700	-8.61081620
114	41.16503660	-8.63080690
115	41.16437750	-8.63225440
116	41.16426700	-8.63244270
117	41.16411340	-8.63278180
118	41.16298930	-8.63506720
119	41.16289490	-8.63520810
120	41.16053190	-8.59351990
121	41.16109430	-8.59826610
122	41.16182670	-8.60401960
123	41.16089580	-8.59233860
124	41.16098580	-8.59197740
125	41.14742760	-8.63374330
126	41.14102160	-8.61463910
127	41.14142480	-8.61343800
128	41.16032850	-8.64394410
129	41.15839640	-8.64509840
130	41.16002850	-8.64148260
131	41.15480010	-8.64513030
132	41.15690940	-8.64541540
133	41.15624230	-8.64588260
134	41.15458470	-8.64520900
135	41.15656400	-8.64603490
136	41.15672870	-8.64595080
137	41.16000230	-8.64851730
138	41.15642940	-8.64580050
139	41.15737690	-8.64546970
140	41.15668610	-8.64566600
141	41.15760990	-8.64555370
142	41.15803450	-8.64534770
143	41.15801290	-8.64550840
144	41.15794920	-8.64522390
145	41.16115370	-8.64890040
146	41.15960180	-8.64807310
147	41.16140720	-8.65037020
148	41.15976450	-8.65001670
149	41.16111610	-8.64933200
150	41.16027570	-8.64907730
151	41.15851550	-8.64951700
152	41.15906590	-8.64831370
153	41.15834560	-8.64952740
154	41.15932990	-8.64908190
155	41.16135180	-8.65007630
156	41.15758790	-8.64908560
157	41.16044660	-8.64384720
158	41.15945310	-8.64947610
159	41.16011030	-8.65013740
160	41.15925930	-8.64908460
161	41.15939690	-8.64949990
162	41.15830050	-8.64731160
163	41.16442570	-8.64769550
164	41.16441120	-8.64915590
165	41.16327370	-8.64950780
166	41.16358930	-8.64869830
167	41.16167080	-8.64989400
168	41.16143980	-8.64978160
169	41.16200830	-8.63254330
170	41.16252950	-8.63147000
171	41.16335540	-8.62479810
172	41.16278320	-8.62147910
173	41.16914990	-8.62562110
174	41.15986720	-8.62467180
175	41.15849550	-8.62784040
176	41.15988880	-8.60276640
177	41.16236690	-8.61648970
178	41.16178110	-8.61181540
179	41.16171900	-8.61136880
180	41.16147090	-8.60961680
181	41.16083190	-8.60501890
182	41.16057350	-8.60523460
183	41.16061710	-8.60435220
184	41.14913710	-8.59878540
185	41.15057380	-8.59799630
186	41.16074640	-8.59832020
187	41.16499020	-8.61097510
188	41.15780380	-8.61240420
189	41.17182620	-8.61275700
190	41.17107630	-8.61283580
191	41.17444270	-8.61126720
192	41.17401600	-8.61705860
193	41.17389860	-8.61702840
194	41.17419140	-8.60981440
195	41.17483320	-8.61347530
196	41.17480410	-8.61362070
197	41.17368160	-8.61879880
198	41.17424640	-8.61345790
199	41.17424640	-8.61331370
200	41.17384190	-8.60915810
201	41.17326050	-8.60570230
202	41.17319380	-8.60771160
203	41.17281460	-8.60542180
204	41.17257340	-8.60532830
205	41.17181140	-8.60547870
206	41.17159660	-8.60551200
207	41.17125120	-8.60024350
208	41.17238820	-8.60384450
209	41.17178090	-8.60310440
210	41.17257690	-8.60437110
211	41.17326910	-8.60801590
212	41.17096870	-8.60485900
213	41.17177360	-8.60422430
214	41.17285290	-8.60694360
215	41.17316350	-8.60567070
216	41.17206510	-8.60537890
217	41.17159960	-8.60561920
218	41.17144090	-8.60576420
219	41.17256360	-8.60495680
220	41.17499470	-8.61360620
221	41.17407350	-8.61329800
222	41.17276340	-8.61287120
223	41.17477290	-8.61265250
224	41.17421950	-8.61263850
225	41.17417400	-8.61407650
226	41.17465250	-8.61417090
227	41.15339180	-8.65073780
228	41.15370150	-8.65029710
229	41.15416590	-8.64836460
230	41.15270690	-8.62624070
231	41.15238760	-8.62715740
232	41.15232690	-8.62609200
233	41.15277130	-8.62457620
234	41.14736290	-8.62064220
235	41.14727000	-8.62044970
236	41.14716520	-8.62040780
237	41.14603650	-8.62014800
238	41.14607950	-8.61986770
239	41.15168380	-8.60966130
240	41.15581000	-8.60924940
241	41.15567270	-8.61002550
242	41.15539210	-8.64826390
243	41.15473520	-8.64900880
244	41.15495430	-8.64806220
245	41.15501590	-8.64842030
246	41.15492880	-8.64803410
247	41.15267660	-8.63224120
248	41.15251690	-8.63255670
249	41.15112530	-8.63762160
250	41.15092080	-8.63550710
251	41.15243990	-8.63248640
252	41.15655620	-8.62951590
253	41.15613940	-8.62964330
254	41.15531360	-8.63014690
255	41.15451230	-8.63112300
256	41.15443690	-8.63073450
257	41.15480080	-8.63075730
258	41.15258260	-8.63061490
259	41.15710920	-8.62425450
260	41.15777570	-8.62792100
261	41.15766910	-8.62793870
262	41.15717980	-8.62487990
263	41.16891990	-8.58739290
264	41.16883300	-8.58787010
265	41.16888800	-8.59009440
266	41.15513060	-8.62898910
267	41.15484430	-8.62881230
268	41.15540330	-8.62937260
269	41.15535550	-8.62827330
270	41.15560610	-8.62960980
271	41.14547540	-8.61556550
272	41.14588190	-8.61352070
273	41.14555660	-8.61552110
274	41.14644530	-8.61532270
275	41.14636770	-8.61769300
276	41.14495770	-8.61664130
277	41.14604340	-8.61163290
278	41.15060960	-8.61086670
279	41.14800880	-8.61809510
280	41.14330630	-8.60213470
281	41.14550330	-8.60324580
282	41.14297880	-8.60202300
283	41.14327520	-8.60212060
284	41.14404350	-8.60490960
285	41.14318230	-8.60235800
286	41.14478300	-8.60697000
287	41.14566280	-8.60524990
288	41.14530810	-8.60434170
289	41.14564830	-8.60195520
290	41.14573940	-8.60186980
291	41.14697240	-8.60217590
292	41.14653420	-8.60382170
293	41.14645410	-8.60413530
294	41.14629790	-8.60434150
295	41.14722770	-8.60155120
296	41.14831040	-8.59847580
297	41.14992400	-8.60637790
298	41.15012100	-8.59848060
299	41.15242180	-8.59689920
300	41.15478340	-8.59553950
301	41.14836440	-8.59842240
302	41.15865940	-8.60752860
303	41.15749180	-8.60810970
304	41.15835240	-8.60668520
305	41.15897100	-8.60839690
306	41.15944030	-8.60107800
307	41.15734490	-8.61265310
308	41.15662830	-8.61309670
309	41.15801620	-8.59881500
310	41.15791620	-8.59814390
311	41.15865990	-8.59331360
312	41.15963890	-8.59629650
313	41.15998410	-8.59519230
314	41.15928640	-8.59294740
315	41.16153020	-8.60169540
316	41.16043390	-8.62261110
317	41.16040000	-8.62230090
318	41.15933000	-8.62340890
319	41.15725160	-8.62486220
320	41.15902210	-8.62428520
321	41.14819910	-8.62417920
322	41.14559310	-8.62388990
323	41.14619700	-8.61410000
324	41.14763490	-8.61374840
325	41.14658960	-8.61474180
326	41.14771400	-8.61404590
327	41.14530890	-8.61335780
328	41.14352620	-8.61041450
329	41.14424900	-8.60919040
330	41.14605340	-8.60337710
331	41.14641940	-8.60194070
332	41.14818600	-8.59876850
333	41.14579200	-8.60034560
334	41.14695990	-8.60048910
335	41.14587850	-8.59921520
336	41.14465920	-8.59861820
337	41.14375430	-8.59745360
338	41.14496640	-8.59791630
339	41.14542510	-8.60151600
340	41.14160680	-8.59598100
341	41.14527800	-8.59718420
342	41.14630130	-8.59620800
343	41.14734950	-8.59981510
344	41.14603420	-8.59540410
345	41.14653910	-8.59599140
346	41.15554920	-8.59112960
347	41.15464030	-8.59112690
348	41.14925120	-8.59367880
349	41.14825280	-8.59805830
350	41.14867670	-8.59569430
351	41.14606750	-8.59515130
352	41.15077540	-8.59415030
353	41.14648320	-8.59273800
354	41.15250410	-8.59727040
355	41.15118740	-8.59629650
356	41.15028620	-8.59516040
357	41.15327910	-8.60079690
358	41.15692120	-8.60011770
359	41.15760990	-8.59392080
360	41.15815520	-8.59534200
361	41.15908640	-8.59460470
362	41.17301750	-8.63994790
363	41.17446040	-8.64332110
364	41.17158940	-8.63489850
365	41.17068480	-8.63790260
366	41.17081040	-8.63841310
367	41.17050700	-8.63812600
368	41.17402500	-8.63404020
369	41.15679980	-8.60769580
370	41.15680070	-8.60924630
371	41.14786510	-8.61450550
372	41.14715680	-8.61518650
373	41.14807820	-8.61813630
374	41.14762580	-8.62020360
375	41.14802740	-8.61228670
376	41.14819940	-8.61296560
377	41.14787970	-8.61128130
378	41.14695400	-8.63287640
379	41.15131170	-8.62907360
380	41.14824510	-8.60943750
381	41.14778250	-8.60842150
382	41.14513860	-8.61535460
383	41.14564450	-8.61350280
384	41.14312270	-8.61746140
385	41.14447500	-8.61425970
386	41.14060570	-8.61310820
387	41.14251170	-8.61527590
388	41.14091690	-8.61743420
389	41.14165890	-8.61531360
390	41.14164860	-8.61452050
391	41.17444110	-8.60993160
392	41.17394030	-8.61038140
393	41.17435360	-8.60607610
394	41.17535670	-8.60851700
395	41.17276720	-8.61037850
396	41.17312250	-8.60839580
397	41.17560570	-8.59152370
398	41.17304150	-8.58944710
399	41.17488550	-8.62022180
400	41.17573480	-8.61388470
401	41.17494150	-8.61973100
402	41.16109160	-8.59198870
403	41.16017920	-8.58910260
404	41.14966810	-8.63468880
405	41.14974920	-8.63378890
406	41.15147670	-8.62898620
407	41.15205700	-8.62700330
408	41.15609110	-8.62299990
409	41.15583170	-8.62260860
410	41.17206200	-8.58781160
411	41.17487990	-8.58642480
412	41.17435660	-8.58457370
413	41.16900370	-8.58597860
414	41.17145790	-8.58553990
415	41.17402280	-8.58348720
416	41.16870080	-8.58605330
417	41.16859460	-8.58535700
418	41.17248940	-8.58355480
419	41.17057250	-8.58655500
420	41.17108890	-8.58841120
421	41.16985240	-8.58406720
422	41.17006770	-8.58478170
423	41.17024410	-8.58541320
424	41.17042720	-8.58605900
425	41.17053930	-8.58644870
426	41.17395430	-8.58323480
427	41.17288880	-8.58243230
428	41.17381740	-8.58288060
429	41.17275330	-8.58537730
430	41.17244020	-8.58429690
431	41.17228730	-8.58277160
432	41.17139790	-8.58236120
433	41.17006190	-8.58140300
434	41.16849730	-8.58472860
435	41.17231680	-8.58188680
436	41.17428160	-8.58090190
437	41.17338940	-8.58064320
438	41.17220250	-8.58441780
439	41.17202830	-8.58379660
440	41.17166290	-8.58592900
441	41.17134620	-8.58484090
442	41.17076480	-8.58723560
443	41.16930250	-8.58799620
444	41.16694830	-8.59406600
445	41.16708520	-8.59411220
446	41.16425810	-8.58926740
447	41.16431370	-8.58941580
448	41.16469100	-8.59034590
449	41.16598170	-8.59249940
450	41.16870560	-8.58951830
451	41.16949540	-8.58935040
452	41.17318020	-8.58628110
453	41.17272500	-8.58644950
454	41.17310280	-8.58603950
455	41.17338590	-8.58704320
456	41.17456770	-8.58531570
457	41.16696630	-8.58666870
458	41.16838340	-8.58753420
459	41.17229130	-8.58120220
460	41.17213810	-8.58128180
461	41.17469340	-8.58576300
462	41.16558300	-8.58729910
463	41.16667240	-8.59187540
464	41.16454800	-8.59125430
465	41.16513310	-8.59109240
466	41.16628810	-8.59025400
467	41.16647310	-8.59106100
468	41.16554240	-8.59178170
469	41.16464310	-8.59194120
470	41.16445730	-8.59051960
471	41.16571070	-8.59851360
472	41.16547500	-8.59900980
473	41.16462700	-8.59273870
474	41.16134800	-8.60031460
475	41.16544250	-8.59867200
476	41.16568230	-8.59856500
477	41.16440790	-8.59905990
478	41.16510890	-8.59977100
479	41.16526870	-8.59748030
480	41.16152130	-8.59182950
481	41.16247790	-8.59103920
482	41.16452460	-8.59195310
483	41.16324710	-8.59143010
484	41.16060560	-8.59435750
485	41.16313530	-8.59377720
486	41.16292760	-8.59256750
487	41.16423050	-8.59765270
488	41.16191500	-8.59811950
489	41.16142750	-8.59414930
490	41.16186370	-8.59281420
491	41.16366050	-8.59775260
492	41.16248380	-8.59300570
493	41.16260800	-8.59389210
494	41.16250940	-8.59391360
495	41.16238640	-8.59301680
496	41.16432290	-8.60092550
497	41.16326190	-8.59954830
498	41.16194210	-8.59403720
499	41.16246950	-8.59800440
500	41.16089790	-8.59673910
501	41.16175380	-8.59653250
502	41.16221060	-8.59645610
503	41.16768250	-8.58826030
504	41.16735000	-8.58800810
505	41.15888840	-8.59155430
506	41.15984950	-8.59027200
507	41.16043100	-8.58995920
508	41.16113420	-8.58997370
509	41.15973100	-8.58992080
510	41.16028320	-8.59179040
511	41.16053090	-8.59028360
512	41.15994100	-8.59059160
513	41.15984080	-8.59262020
514	41.15929740	-8.59072240
515	41.15894830	-8.59196520
516	41.15779900	-8.59379900
517	41.15706970	-8.59118350
518	41.15561730	-8.59418720
519	41.15609550	-8.59384110
520	41.15663530	-8.59447880
521	41.15907310	-8.59805190
522	41.15365550	-8.59897830
523	41.15888140	-8.59779090
524	41.15672770	-8.59670040
525	41.15746440	-8.59567490
526	41.15799770	-8.59646120
527	41.15718400	-8.59603930
528	41.15603960	-8.59497270
529	41.14718080	-8.61788670
530	41.14744950	-8.62035140
531	41.14426470	-8.62357450
532	41.15682400	-8.63692460
533	41.15765590	-8.63946370
534	41.15978590	-8.64060430
535	41.15407710	-8.64244090
536	41.15729050	-8.64139030
537	41.15783100	-8.64523460
538	41.15760430	-8.64529940
539	41.15684160	-8.64154270
540	41.15434670	-8.64921370
541	41.14248170	-8.61692900
542	41.14299450	-8.61744670
543	41.16807680	-8.64374820
544	41.16686260	-8.64328950
545	41.15243670	-8.64918020
546	41.15424700	-8.64832680
547	41.15413720	-8.65003680
548	41.15492210	-8.64774860
549	41.15856280	-8.63328200
550	41.15683750	-8.63164960
551	41.15743540	-8.63020820
552	41.15665660	-8.63148070
553	41.16702670	-8.61177870
554	41.16760770	-8.61098520
555	41.15311470	-8.63879340
556	41.15898810	-8.63581700
557	41.17176420	-8.59529590
558	41.16657390	-8.58523760
559	41.17155350	-8.59554520
560	41.17208050	-8.59522100
561	41.16910620	-8.59029930
562	41.16891610	-8.59060970
563	41.16786700	-8.58777520
564	41.17159780	-8.58595810
565	41.15445770	-8.58273530
566	41.15195670	-8.58038700
567	41.14950210	-8.57983410
568	41.14727870	-8.58062640
569	41.14671140	-8.58096680
570	41.14525020	-8.58117130
571	41.14662810	-8.58077630
572	41.14716530	-8.58043430
573	41.14526910	-8.58097860
574	41.15553410	-8.62488620
575	41.15584000	-8.62301390
576	41.15551600	-8.61918180
577	41.15594200	-8.62083670
578	41.15356620	-8.62759550
579	41.15445180	-8.62682700
580	41.15247820	-8.62874300
581	41.15449970	-8.62877110
582	41.15561270	-8.62536770
583	41.15534430	-8.62518140
584	41.15372990	-8.62543210
585	41.15949460	-8.63086120
586	41.15933540	-8.63037460
587	41.16140020	-8.63315730
588	41.16315370	-8.63460370
589	41.15621860	-8.63722780
590	41.15327790	-8.63238990
591	41.14251340	-8.60586450
592	41.14331670	-8.61033400
593	41.16002580	-8.62110470
594	41.15629290	-8.61935830
595	41.16121720	-8.58775530
596	41.16259470	-8.59068660
597	41.16405210	-8.63256780
598	41.16840420	-8.63051870
599	41.16998310	-8.63114430
600	41.14894190	-8.64906530
601	41.14823840	-8.64847710
602	41.16980520	-8.58931640
603	41.16977490	-8.58920730
604	41.16382830	-8.58248260
605	41.16302960	-8.58553560
606	41.16021530	-8.58319820
607	41.15929730	-8.58429420
608	41.16461640	-8.58439020
609	41.16333750	-8.58517350
610	41.16351380	-8.58992060
611	41.16296380	-8.58880150
612	41.16833690	-8.58949830
613	41.16671930	-8.58844040
614	41.17106200	-8.59491260
615	41.16984510	-8.59374760
616	41.16849090	-8.59353960
617	41.16953790	-8.59157490
618	41.16713520	-8.59396480
619	41.16807480	-8.59437650
620	41.16919840	-8.59219910
621	41.17009660	-8.59332550
622	41.16947990	-8.59444610
623	41.16779790	-8.60347450
624	41.16547720	-8.60273320
625	41.16541180	-8.60636640
626	41.16542000	-8.60541740
627	41.16197440	-8.60528260
628	41.16396680	-8.60532550
629	41.16461230	-8.60217110
630	41.16424550	-8.60334930
631	41.16546290	-8.60356300
632	41.16504290	-8.59988410
633	41.16671570	-8.60169590
634	41.16599280	-8.60075480
635	41.16490690	-8.60233260
636	41.16188060	-8.60443020
637	41.16543480	-8.60024500
638	41.16965110	-8.59728980
639	41.16705390	-8.59824470
640	41.16838940	-8.60129130
641	41.16827190	-8.59763300
642	41.16858460	-8.60348970
643	41.16715990	-8.60151640
644	41.16680930	-8.59734290
645	41.16995360	-8.60790500
646	41.17094940	-8.61127810
647	41.17263910	-8.61108010
648	41.16984990	-8.60832510
649	41.17178540	-8.61116740
650	41.17003350	-8.60797300
651	41.17296740	-8.60931970
652	41.16968990	-8.60821110
653	41.16991300	-8.60639510
654	41.17051330	-8.60665880
655	41.16772320	-8.61083890
656	41.16665210	-8.60923600
657	41.16678250	-8.61088860
658	41.16880980	-8.61970520
659	41.16772660	-8.62311580
660	41.16781570	-8.62231060
661	41.16948550	-8.62178370
662	41.17037250	-8.61292490
663	41.17116880	-8.61439980
664	41.17174260	-8.61801340
665	41.17011970	-8.61741410
666	41.17066900	-8.61851840
667	41.17108350	-8.61780290
668	41.17180340	-8.61644340
669	41.16940350	-8.61865480
670	41.17047860	-8.62014620
671	41.17075830	-8.62019140
672	41.17393410	-8.61952780
673	41.17124130	-8.61944650
674	41.16845580	-8.62547130
675	41.16915790	-8.62292550
676	41.16893790	-8.62370420
677	41.17176930	-8.62429450
678	41.17162350	-8.62616080
679	41.16540520	-8.62998780
680	41.16807520	-8.63036040
681	41.16699890	-8.63369320
682	41.16678720	-8.63082150
683	41.16790460	-8.63097650
684	41.16881090	-8.63617940
685	41.16711890	-8.63463550
686	41.16372960	-8.63366660
687	41.16380950	-8.63467590
688	41.16442100	-8.63427000
689	41.16465710	-8.63470150
690	41.16025030	-8.64143020
691	41.16038890	-8.64157050
692	41.16059730	-8.63280760
693	41.15975680	-8.63592940
694	41.16253070	-8.63594620
695	41.16050840	-8.63420430
696	41.16274650	-8.63312720
697	41.16237300	-8.63393870
698	41.16175840	-8.63531300
699	41.16214890	-8.63443330
700	41.16293830	-8.63505360
701	41.15916740	-8.63690820
702	41.15808450	-8.63731160
703	41.15006620	-8.61777110
704	41.14917200	-8.61754180
705	41.16132670	-8.62108420
706	41.16254410	-8.61844510
707	41.15955160	-8.61185330
708	41.15946960	-8.61336200
709	41.15104520	-8.61470020
710	41.14801240	-8.61517470
711	41.14915950	-8.61496390
712	41.16247850	-8.60924460
713	41.15903840	-8.61198410
714	41.15873240	-8.60995430
715	41.14082730	-8.60971830
716	41.14065760	-8.60966270
717	41.14299610	-8.60821290
718	41.15916730	-8.60614040
719	41.16659010	-8.64155950
720	41.16534350	-8.63995990
721	41.14722960	-8.58813010
722	41.14903100	-8.58708280
723	41.14929220	-8.58807960
724	41.14714050	-8.58905730
725	41.14731030	-8.58723480
726	41.14851130	-8.58614610
727	41.15881140	-8.59866770
728	41.17122830	-8.58833260
729	41.17382450	-8.59258760
730	41.15357550	-8.61142800
731	41.14795080	-8.61214960
732	41.14599320	-8.61221470
733	41.15372080	-8.61201270
734	41.15403130	-8.61202590
735	41.15509360	-8.61199850
736	41.15510280	-8.61304160
737	41.15945250	-8.59856410
738	41.15993180	-8.60087570
739	41.15714530	-8.60200490
740	41.16019770	-8.60447860
741	41.15925310	-8.60319200
742	41.15557520	-8.62090530
743	41.16995430	-8.60349550
744	41.16965570	-8.59736050
745	41.16960750	-8.59608200
746	41.16601480	-8.59768740
747	41.16744320	-8.60135300
748	41.17036580	-8.58291020
749	41.15517590	-8.60925450
750	41.14717860	-8.61621450
751	41.14716690	-8.61629950
752	41.14090670	-8.61315830
753	41.14280290	-8.60045460
754	41.14400880	-8.59949780
755	41.16331670	-8.58115860
756	41.16352210	-8.58099740
757	41.16321730	-8.58146280
758	41.16226460	-8.58121970
759	41.15905550	-8.58250430
760	41.16219720	-8.58104460
761	41.16671300	-8.58521490
762	41.16321330	-8.58179030
763	41.16169810	-8.58145080
764	41.15921000	-8.59770660
765	41.15931800	-8.59858150
766	41.15931860	-8.59816300
767	41.16071410	-8.59802980
768	41.16097370	-8.59798570
769	41.16941820	-8.60856820
770	41.16570880	-8.60844080
771	41.16443100	-8.60852380
772	41.16043720	-8.60998470
773	41.15519290	-8.61003350
774	41.17362770	-8.60581140
775	41.17176880	-8.60435840
776	41.17211310	-8.60459740
777	41.17301030	-8.60559550
778	41.17136970	-8.63589420
779	41.17152140	-8.63619490
780	41.17126630	-8.63619460
781	41.16640430	-8.59320930
782	41.16496080	-8.59425400
783	41.16623090	-8.58357630
784	41.16392640	-8.58219750
785	41.16442010	-8.58197390
786	41.16319750	-8.58612880
787	41.16489700	-8.58517150
788	41.16432120	-8.59061850
789	41.16394520	-8.58973990
790	41.16436070	-8.58833710
791	41.16560770	-8.58794340
792	41.16270650	-8.59057230
793	41.16374250	-8.58979230
794	41.14731960	-8.60165700
795	41.16357470	-8.58843320
796	41.16389280	-8.58826310
797	41.16270720	-8.58572550
798	41.16570190	-8.58599830
799	41.16527300	-8.58628840
800	41.16583690	-8.58752720
801	41.16598170	-8.58707400
802	41.15682210	-8.59905850
803	41.15943000	-8.59118430
804	41.16003570	-8.59090370
805	41.16062340	-8.59056730
806	41.16122080	-8.59023800
807	41.16193040	-8.58618720
808	41.16301160	-8.58547530
809	41.16268700	-8.58566690
810	41.17132140	-8.59449860
811	41.16711360	-8.58852810
812	41.16720170	-8.59063110
813	41.17043910	-8.59302060
814	41.16986230	-8.59376480
815	41.16252750	-8.58538740
816	41.16549090	-8.58803750
817	41.16565510	-8.58875140
818	41.16505580	-8.58825280
819	41.16506400	-8.58829140
820	41.16654940	-8.58217920
821	41.16807290	-8.58181140
822	41.16787110	-8.58132040
823	41.16149460	-8.58602210
824	41.17091100	-8.62301710
825	41.17467100	-8.62244870
826	41.17465610	-8.65150990
827	41.16534470	-8.58244120
828	41.16248140	-8.58566940
829	41.16294190	-8.58269280
830	41.16003960	-8.58247600
831	41.15888660	-8.58294370
832	41.15777350	-8.58554700
833	41.17339110	-8.62198060
834	41.17359640	-8.61998080
835	41.17333140	-8.62262370
836	41.17342980	-8.62268360
837	41.17309680	-8.62625740
838	41.17349560	-8.62202140
839	41.17383980	-8.62246170
840	41.17234850	-8.62357470
841	41.17209320	-8.62289260
842	41.17271670	-8.62204560
843	41.17075600	-8.62289950
844	41.17303360	-8.62678780
845	41.16915800	-8.63956150
846	41.17292510	-8.62674570
847	41.17297880	-8.62619870
848	41.16552320	-8.58246810
849	41.16168820	-8.59884270
850	41.16218900	-8.59806900
851	41.17002920	-8.59729210
852	41.17370540	-8.60525720
853	41.17384360	-8.60588410
854	41.17467990	-8.59975360
855	41.17181240	-8.59804740
856	41.17124770	-8.59771270
857	41.15793150	-8.59558940
858	41.16989700	-8.60568810
859	41.17130990	-8.60396100
860	41.17377190	-8.61699470
861	41.17535910	-8.60889860
862	41.17390260	-8.60084420
863	41.17160920	-8.59946160
864	41.17261840	-8.59646590
865	41.15453720	-8.60253130
866	41.16644460	-8.60645540
867	41.16160310	-8.59152350
868	41.16534780	-8.58192360
869	41.17370360	-8.60376380
870	41.17580260	-8.60019640
871	41.15933320	-8.58048020
872	41.15803880	-8.58486730
873	41.15657090	-8.59107610
874	41.16370590	-8.58246440
875	41.16334890	-8.58320780
876	41.16147990	-8.58195040
877	41.16344120	-8.58265470
878	41.16161560	-8.58540990
879	41.16089700	-8.58507920
880	41.16328140	-8.58316740
881	41.16338210	-8.58222670
882	41.16559860	-8.58888520
883	41.16543300	-8.58890690
884	41.15515500	-8.60765470
885	41.14858950	-8.61561400
886	41.16330620	-8.58280530
887	41.16253570	-8.58134790
888	41.16238090	-8.58104310
889	41.16396130	-8.58027880
890	41.16360280	-8.58085700
891	41.16374700	-8.58074450
892	41.15082630	-8.59346680
893	41.15095540	-8.59358070
894	41.15575920	-8.59497770
895	41.15546220	-8.59416070
896	41.15624400	-8.58528920
897	41.15625040	-8.59045640
898	41.14567840	-8.57960550
899	41.14668530	-8.58512330
900	41.15356330	-8.58311110
901	41.15349910	-8.58256350
902	41.15368420	-8.58284340
903	41.15381480	-8.58291680
904	41.15146300	-8.58218650
905	41.14687350	-8.58573510
906	41.14674050	-8.58529850
907	41.15604330	-8.58323140
908	41.15289180	-8.58309290
909	41.15289640	-8.58222940
910	41.15246180	-8.58260430
911	41.15548880	-8.59244780
912	41.15554790	-8.59155140
913	41.15737800	-8.58518590
914	41.15625280	-8.58516110
915	41.15766270	-8.58601630
916	41.15624350	-8.59154520
917	41.15543000	-8.58243680
918	41.15544150	-8.58209680
919	41.15637250	-8.58229250
920	41.15628340	-8.58263520
921	41.15406310	-8.58170000
922	41.15725830	-8.58268500
923	41.15638070	-8.58209800
924	41.15614690	-8.58055760
925	41.15601970	-8.58041300
926	41.15584730	-8.58474110
927	41.15589880	-8.58456880
928	41.15627390	-8.57976890
929	41.15626570	-8.58003190
930	41.15600340	-8.58457930
931	41.15603820	-8.58476420
932	41.15613800	-8.58066230
933	41.15617300	-8.58004510
934	41.15619180	-8.57976280
935	41.15624830	-8.58050620
936	41.15646880	-8.58060340
937	41.15639370	-8.58043520
938	41.15583070	-8.58180270
939	41.15579880	-8.58218020
940	41.15432850	-8.58195860
941	41.15482120	-8.58186540
942	41.15095180	-8.59419840
943	41.15450910	-8.58250980
944	41.15899450	-8.58228020
945	41.15440060	-8.58220220
946	41.15662600	-8.58299520
947	41.16416430	-8.57961580
948	41.15035870	-8.58370420
949	41.16309470	-8.58318160
950	41.16315740	-8.58404430
951	41.15624350	-8.59115350
952	41.15635240	-8.59464210
953	41.17015620	-8.60642480
954	41.17097490	-8.60619990
955	41.16951910	-8.60846110
956	41.16973390	-8.60816110
957	41.16982190	-8.60837880
958	41.16971600	-8.60795910
959	41.16857240	-8.60672850
960	41.16835750	-8.60707710
961	41.16801850	-8.60653440
962	41.16575100	-8.60928820
963	41.17029970	-8.62314800
964	41.17052420	-8.62305280
965	41.16753940	-8.62315350
966	41.16705900	-8.62517600
967	41.16406710	-8.58218490
968	41.16393240	-8.58224550
969	41.16320320	-8.58162660
970	41.15180130	-8.64257530
971	41.15554980	-8.59045530
972	41.16965010	-8.60569950
973	41.16843460	-8.60441790
974	41.16938570	-8.60348820
975	41.16663290	-8.60346060
976	41.17332280	-8.60733150
977	41.15557330	-8.58520780
978	41.15277820	-8.59177110
979	41.15545100	-8.59516000
980	41.16539610	-8.59745290
981	41.17203620	-8.59818830
982	41.14943400	-8.59947880
983	41.14843230	-8.59824750
984	41.14934530	-8.60046610
985	41.14908910	-8.59904140
986	41.16503480	-8.58329450
987	41.16454690	-8.58301080
988	41.16573480	-8.58167640
989	41.16813700	-8.57978040
990	41.16473460	-8.58170580
991	41.16772040	-8.58416830
992	41.16751810	-8.58224200
993	41.16756660	-8.58472780
994	41.16841230	-8.58355320
995	41.17031350	-8.61013280
996	41.16839520	-8.61233730
997	41.16455230	-8.61099750
998	41.16448000	-8.60952410
999	41.16318480	-8.60892940
1000	41.14883610	-8.62549810
1001	41.14867040	-8.62579240
1002	41.15770680	-8.59354160
1003	41.15549900	-8.59442020
1004	41.15515430	-8.59480740
1005	41.14587630	-8.62899550
1006	41.14659920	-8.62914640
1007	41.16965550	-8.60826510
1008	41.16798390	-8.60757820
1009	41.16813180	-8.60921880
1010	41.16811420	-8.60847150
1011	41.16655140	-8.60769330
1012	41.16698180	-8.60819190
1013	41.17099210	-8.60745430
1014	41.15320290	-8.65178010
1015	41.15712990	-8.63798900
1016	41.15611920	-8.63931060
1017	41.15868440	-8.64096290
1018	41.15792930	-8.63636970
1019	41.15485840	-8.64061960
1020	41.15437510	-8.63815600
1021	41.15503690	-8.63782200
1022	41.15558980	-8.64044380
1023	41.15608880	-8.64036280
1024	41.16187360	-8.62475170
1025	41.16235740	-8.62782300
1026	41.16504680	-8.62967930
1027	41.16450400	-8.62973240
1028	41.15348630	-8.65174290
1029	41.15456110	-8.65085050
1030	41.15388780	-8.65034900
1031	41.15473590	-8.65038400
1032	41.15686770	-8.65186920
1033	41.15799730	-8.65114000
1034	41.16163120	-8.65168520
1035	41.15664940	-8.63861840
1036	41.15738820	-8.64005860
1037	41.16209050	-8.62618470
1038	41.16019870	-8.62561680
1039	41.16006000	-8.62467750
1040	41.15923440	-8.62030590
1041	41.15940210	-8.62318780
1042	41.15101640	-8.65190870
1043	41.17067530	-8.60841130
1044	41.17081920	-8.60980980
1045	41.17101510	-8.60854580
1046	41.17101580	-8.60705120
1047	41.17287930	-8.63983520
1048	41.17405120	-8.64068740
1049	41.16893320	-8.64465510
1050	41.16871280	-8.64500520
1051	41.16921830	-8.64434330
1052	41.17035160	-8.64350780
1053	41.17041640	-8.64390690
1054	41.17013860	-8.64382320
1055	41.17036130	-8.64294020
1056	41.16632340	-8.64985650
1057	41.16859350	-8.64864450
1058	41.16817650	-8.64632230
1059	41.16168130	-8.65119450
1060	41.16653400	-8.65119150
1061	41.16504780	-8.64010000
1062	41.16485960	-8.64072840
1063	41.16542160	-8.64447510
1064	41.16579940	-8.64665230
1065	41.17045160	-8.63807560
1066	41.16986120	-8.63749500
1067	41.16952360	-8.63233450
1068	41.17520100	-8.61976630
1069	41.17378600	-8.61987580
1070	41.17377970	-8.61993090
1071	41.17372120	-8.61990850
1072	41.17366430	-8.61909070
1073	41.17376390	-8.61947840
1074	41.17495350	-8.61964540
1075	41.17542560	-8.59419110
1076	41.17473650	-8.58858290
1077	41.17576470	-8.58592050
1078	41.17519320	-8.59352380
1079	41.17428870	-8.59251100
1080	41.17340810	-8.59016920
1081	41.17359330	-8.58990640
1082	41.17334080	-8.58942360
1083	41.17357140	-8.58913340
1084	41.17327070	-8.58780920
1085	41.17268650	-8.58884870
1086	41.17490520	-8.58919710
1087	41.17530640	-8.59050330
1088	41.17227010	-8.59751340
1089	41.17477490	-8.59897680
1090	41.17299190	-8.59875080
1091	41.17321960	-8.59807030
1092	41.17333060	-8.60050680
1093	41.17376090	-8.59920650
1094	41.17399740	-8.59851950
1095	41.17435890	-8.59416380
1096	41.17539410	-8.60914400
1097	41.17501020	-8.60943570
1098	41.17489640	-8.61175120
1099	41.16847280	-8.60981970
1100	41.16693120	-8.60923850
1101	41.16662200	-8.60885010
1102	41.16746630	-8.60956220
1103	41.16758870	-8.61085000
1104	41.14518050	-8.63985190
1105	41.14421640	-8.63963610
1106	41.14070410	-8.63492040
1107	41.14382340	-8.63709020
1108	41.14367110	-8.63693020
1109	41.17521660	-8.61482620
1110	41.17560290	-8.61492010
1111	41.17539240	-8.61647990
1112	41.17431100	-8.61812390
1113	41.16976660	-8.59954870
1114	41.17101160	-8.59937840
1115	41.16974950	-8.59914190
1116	41.16972850	-8.59878440
1117	41.17111240	-8.59862270
1118	41.16971270	-8.59837400
1119	41.17063760	-8.59828180
1120	41.16597690	-8.60200490
1121	41.16630410	-8.60236710
1122	41.16731280	-8.58736220
1123	41.16792040	-8.58789620
1124	41.17178140	-8.59891750
1125	41.17311010	-8.59974340
1126	41.17337180	-8.59897940
1127	41.17294530	-8.60026260
1128	41.17351390	-8.59996620
1129	41.17406620	-8.60029260
1130	41.17396270	-8.60057840
1131	41.17431810	-8.59954690
1132	41.17216650	-8.59916270
1133	41.17242810	-8.59841630
1134	41.15922360	-8.62371180
1135	41.17488020	-8.58323900
1136	41.17514690	-8.58418260
1137	41.17057800	-8.58094780
1138	41.17482980	-8.58276310
1139	41.15344920	-8.60664830
1140	41.15229330	-8.60681840
1141	41.15060600	-8.61024340
1142	41.15226320	-8.61003950
1143	41.15734490	-8.60918770
1144	41.16011870	-8.60791820
1145	41.15363040	-8.60474580
1146	41.15357240	-8.60804750
1147	41.15358110	-8.61114830
1148	41.15363170	-8.61146080
1149	41.15361390	-8.60997640
1150	41.15350270	-8.61005690
1151	41.15350290	-8.60998220
1152	41.15346750	-8.60803190
1153	41.15431430	-8.61005360
1154	41.15418220	-8.60973060
1155	41.15761280	-8.60717630
1156	41.15543590	-8.60766380
1157	41.15110730	-8.60738940
1158	41.15498840	-8.61330310
1159	41.16013430	-8.60705800
1160	41.16408710	-8.62419870
1161	41.16225750	-8.62342510
1162	41.16256990	-8.62477990
1163	41.16107570	-8.62468200
1164	41.16082710	-8.62364940
1165	41.16023110	-8.60866540
1166	41.15748170	-8.60996680
1167	41.15998910	-8.60706270
1168	41.15866240	-8.61393220
1169	41.15764100	-8.61398180
1170	41.15757740	-8.61365590
1171	41.15849140	-8.61332440
1172	41.15865390	-8.61208120
1173	41.15859750	-8.61330560
1174	41.15892840	-8.61282390
1175	41.15876990	-8.61287730
1176	41.16127980	-8.60874780
1177	41.15902400	-8.61710250
1178	41.16069540	-8.62116580
1179	41.15989420	-8.61717680
1180	41.15993390	-8.61802610
1181	41.15690380	-8.61810260
1182	41.16016840	-8.61715530
1183	41.16099480	-8.61861300
1184	41.16111100	-8.62111130
1185	41.16049760	-8.61920430
1186	41.16051470	-8.61894030
1187	41.16126300	-8.61669600
1188	41.16087230	-8.61787810
1189	41.16189380	-8.61271370
1190	41.16285620	-8.61217460
1191	41.15919050	-8.61403760
1192	41.16142380	-8.61299760
1193	41.16188650	-8.61567510
1194	41.16222970	-8.61544140
1195	41.15985570	-8.61631140
1196	41.16098620	-8.61675030
1197	41.16628730	-8.61452820
1198	41.16612080	-8.61343550
1199	41.16702670	-8.61433960
1200	41.16323650	-8.61529930
1201	41.16336020	-8.61632200
1202	41.16762900	-8.61560680
1203	41.16759850	-8.61679200
1204	41.16351130	-8.61747730
1205	41.16363300	-8.61850990
1206	41.16749490	-8.61795170
1207	41.16385000	-8.62023940
1208	41.16485620	-8.61992710
1209	41.16582840	-8.62043140
1210	41.16578140	-8.61933010
1211	41.16517810	-8.61828550
1212	41.16507460	-8.61720420
1213	41.16495970	-8.61604170
1214	41.16485570	-8.61488760
1215	41.16748790	-8.62145250
1216	41.16572430	-8.62044690
1217	41.16564980	-8.62482710
1218	41.16579100	-8.62372670
1219	41.16552940	-8.62217430
1220	41.16711330	-8.62126560
1221	41.16756090	-8.62019900
1222	41.16327320	-8.62392030
1223	41.16558410	-8.62250820
1224	41.16419920	-8.62321300
1225	41.16456880	-8.62413020
1226	41.16573610	-8.62489950
1227	41.16639710	-8.61223300
1228	41.16639770	-8.61230010
1229	41.16706800	-8.61231830
1230	41.16716930	-8.61183440
1231	41.16628710	-8.61359860
1232	41.16664900	-8.61336880
1233	41.16710800	-8.61316810
1234	41.16660990	-8.61320150
1235	41.16846850	-8.61284290
1236	41.16754540	-8.61302370
1237	41.16852500	-8.61239180
1238	41.16872760	-8.61438720
1239	41.16290530	-8.61262750
1240	41.16608970	-8.61211230
1241	41.16588580	-8.62672460
1242	41.16456630	-8.62599230
1243	41.16479250	-8.62778650
1244	41.16630590	-8.62765800
1245	41.16214710	-8.62047680
1246	41.16220850	-8.62094760
1247	41.15797360	-8.62242070
1248	41.15686760	-8.62276210
1249	41.15565100	-8.62361270
1250	41.15559210	-8.62376250
1251	41.15281130	-8.62293170
1252	41.15555010	-8.62428850
1253	41.15705330	-8.62385330
1254	41.15554020	-8.62439880
1255	41.15659640	-8.62484620
1256	41.15663070	-8.62129550
1257	41.15608830	-8.62153960
1258	41.15719430	-8.61775350
1259	41.15674590	-8.61616150
1260	41.16410540	-8.61252200
1261	41.16419060	-8.61393670
1262	41.16238700	-8.61439560
1263	41.16226800	-8.61573400
1264	41.16213560	-8.61472160
1265	41.16229460	-8.61469060
1266	41.16191940	-8.61294590
1267	41.16207170	-8.61423320
1268	41.16611400	-8.62332560
1269	41.16574770	-8.62346530
1270	41.16542080	-8.62381520
1271	41.16485670	-8.62287570
1272	41.16446120	-8.62062430
1273	41.16441730	-8.62017450
1274	41.16420200	-8.61843250
1275	41.16407580	-8.61737820
1276	41.16380480	-8.61986280
1277	41.16436600	-8.61978890
1278	41.16431710	-8.61937660
1279	41.16375130	-8.61947140
1280	41.16357720	-8.62147830
1281	41.16322570	-8.62239240
1282	41.16484530	-8.62819240
1283	41.16428180	-8.62834400
1284	41.16343820	-8.62945630
1285	41.16214380	-8.62815870
1286	41.16220290	-8.62787270
1287	41.16211800	-8.62876750
1288	41.16095960	-8.62912920
1289	41.15681100	-8.61851020
1290	41.15754290	-8.61424680
1291	41.15687000	-8.61396030
1292	41.15723240	-8.61488970
1293	41.15704400	-8.61439790
1294	41.15674280	-8.61461030
1295	41.16441500	-8.62482180
1296	41.15676760	-8.61250590
1297	41.15664300	-8.61252720
1298	41.15759750	-8.61238750
1299	41.15679420	-8.61189760
1300	41.15182130	-8.60665950
1301	41.15123970	-8.60697180
1302	41.14727810	-8.60811000
1303	41.14791170	-8.60771540
1304	41.14594440	-8.61362730
1305	41.14536380	-8.61558040
1306	41.14489640	-8.61548500
1307	41.14497180	-8.61547240
1308	41.14523610	-8.61358650
1309	41.14339320	-8.61592620
1310	41.14342590	-8.61739280
1311	41.14444230	-8.61648940
1312	41.14428580	-8.61564670
1313	41.14335960	-8.61837100
1314	41.14214220	-8.61797460
1315	41.14214910	-8.61810380
1316	41.14289880	-8.62005750
1317	41.14335920	-8.61836890
1318	41.14316620	-8.61777790
1319	41.14495110	-8.61732780
1320	41.14329170	-8.61816790
1321	41.14605830	-8.61940730
1322	41.14473440	-8.61830860
1323	41.14329120	-8.61849590
1324	41.14454770	-8.61891490
1325	41.14565640	-8.62012030
1326	41.14452640	-8.62190470
1327	41.14411540	-8.62014070
1328	41.14539630	-8.62612960
1329	41.14544370	-8.62435920
1330	41.14484420	-8.62348410
1331	41.14436450	-8.62349140
1332	41.14404460	-8.62252920
1333	41.14089320	-8.61001380
1334	41.14339650	-8.61116230
1335	41.14399980	-8.61138900
1336	41.14328440	-8.61031170
1337	41.14307460	-8.61111680
1338	41.14448290	-8.61117920
1339	41.14416170	-8.61187800
1340	41.14338740	-8.61036990
1341	41.14333490	-8.61095110
1342	41.14244630	-8.61213770
1343	41.15660300	-8.64161810
1344	41.15633300	-8.64028130
1345	41.15482790	-8.64046630
1346	41.15689800	-8.63943950
1347	41.15731140	-8.63955730
1348	41.14895410	-8.62912100
1349	41.14920010	-8.62912060
1350	41.14924620	-8.62718430
1351	41.14876890	-8.62803720
1352	41.15107310	-8.62850060
1353	41.15050900	-8.62895130
1354	41.15085420	-8.62595330
1355	41.15086590	-8.62605010
1356	41.14683130	-8.63115430
1357	41.14731410	-8.63035290
1358	41.14635750	-8.63116840
1359	41.14678520	-8.63196280
1360	41.14717660	-8.63268050
1361	41.14762740	-8.63357050
1362	41.14638910	-8.63067510
1363	41.14640590	-8.63035460
1364	41.14605450	-8.63026310
1365	41.14555560	-8.62857760
1366	41.14536950	-8.62933400
1367	41.14559340	-8.62913870
1368	41.14475850	-8.62675510
1369	41.14636640	-8.63100310
1370	41.14613720	-8.63145090
1371	41.14635030	-8.63133400
1372	41.15061970	-8.63372830
1373	41.14843140	-8.63347310
1374	41.14938010	-8.63401670
1375	41.14900330	-8.63412050
1376	41.14851380	-8.63149910
1377	41.14901880	-8.63544410
1378	41.14853810	-8.63451870
1379	41.15257830	-8.63137650
1380	41.15163170	-8.63054980
1381	41.15160400	-8.63024710
1382	41.15072220	-8.63048810
1383	41.15104350	-8.62931130
1384	41.15129080	-8.63029700
1385	41.15112020	-8.62995500
1386	41.15091570	-8.63363660
1387	41.15125310	-8.63311140
1388	41.14787910	-8.63335470
1389	41.14856230	-8.63672570
1390	41.15003060	-8.63756750
1391	41.14991250	-8.63703360
1392	41.14873940	-8.64304980
1393	41.15128300	-8.63949490
1394	41.15189460	-8.64173980
1395	41.15386420	-8.64175610
1396	41.15164110	-8.64172170
1397	41.15282380	-8.63753570
1398	41.15121860	-8.63782780
1399	41.15245420	-8.63447830
1400	41.15114660	-8.63456180
1401	41.15089250	-8.64001840
1402	41.15059240	-8.64007800
1403	41.15103850	-8.63895980
1404	41.15048490	-8.63904910
1405	41.15177430	-8.64055160
1406	41.15139440	-8.64063150
1407	41.15111360	-8.64141730
1408	41.15105030	-8.64024040
1409	41.15147650	-8.64148470
1410	41.15074520	-8.64046330
1411	41.14905810	-8.64338350
1412	41.14937830	-8.64312540
1413	41.15140960	-8.64602230
1414	41.15017170	-8.64601180
1415	41.15019750	-8.64483710
1416	41.15238240	-8.64735330
1417	41.15103750	-8.64530000
1418	41.15432540	-8.64602600
1419	41.15365950	-8.64580380
1420	41.15263080	-8.64870860
1421	41.15198940	-8.64537480
1422	41.15187030	-8.64543370
1423	41.15388330	-8.64596500
1424	41.15209950	-8.64540900
1425	41.14978710	-8.64655430
1426	41.15077350	-8.64902690
1427	41.15079470	-8.64742300
1428	41.15046040	-8.65130580
1429	41.15051220	-8.65165100
1430	41.15041730	-8.65183670
1431	41.15037940	-8.65181270
1432	41.14852290	-8.65125680
1433	41.14885610	-8.64980710
1434	41.14869040	-8.64928120
1435	41.14814930	-8.64993840
1436	41.14829750	-8.65017000
1437	41.14801040	-8.64995600
1438	41.14975870	-8.65051010
1439	41.14823480	-8.64892420
1440	41.14895370	-8.65017400
1441	41.14861050	-8.65030800
1442	41.14976930	-8.65104370
1443	41.14954010	-8.65076060
1444	41.16768730	-8.65002860
1445	41.16656770	-8.64735520
1446	41.16435120	-8.64893500
1447	41.16404310	-8.64929060
1448	41.16400670	-8.64913220
1449	41.16598140	-8.64746290
1450	41.16774280	-8.64598790
1451	41.16502360	-8.65024000
1452	41.16485490	-8.64917890
1453	41.16498010	-8.64809480
1454	41.16462020	-8.64855460
1455	41.16443480	-8.64829500
1456	41.16913880	-8.64591730
1457	41.16945650	-8.64508740
1458	41.16931000	-8.64614480
1459	41.16931870	-8.64592070
1460	41.16970700	-8.64935960
1461	41.16944220	-8.64837720
1462	41.16876990	-8.64972440
1463	41.17241040	-8.65191970
1464	41.16848330	-8.64547430
1465	41.16886740	-8.64555680
1466	41.16998290	-8.64896490
1467	41.16951040	-8.64964590
1468	41.17113400	-8.65164090
1469	41.16866250	-8.64909400
1470	41.16858760	-8.64882390
1471	41.16840990	-8.64871070
1472	41.16851800	-8.64822300
1473	41.16891580	-8.65052620
1474	41.17068680	-8.64792710
1475	41.16562610	-8.65190520
1476	41.16620730	-8.65198620
1477	41.16648230	-8.65085640
1478	41.16606160	-8.65097530
1479	41.15519250	-8.60595940
1480	41.15401770	-8.60777160
1481	41.15570030	-8.60535160
1482	41.15530950	-8.60664110
1483	41.15637740	-8.60631810
1484	41.15534790	-8.60697400
1485	41.15650680	-8.60679300
1486	41.15623000	-8.60683770
1487	41.15609840	-8.60641750
1488	41.15588040	-8.60569960
1489	41.15664820	-8.60463030
1490	41.15566800	-8.60767800
1491	41.15605030	-8.60830400
1492	41.15590320	-8.60834940
1493	41.15602660	-8.60882480
1494	41.15933800	-8.64203470
1495	41.15924640	-8.64243360
1496	41.15906440	-8.64229280
1497	41.15702350	-8.64177810
1498	41.15720040	-8.64172460
1499	41.15449540	-8.64384780
1500	41.15498820	-8.64371510
1501	41.15729260	-8.64253370
1502	41.15742360	-8.64328610
1503	41.15798210	-8.64264830
1504	41.15792280	-8.64229640
1505	41.15948290	-8.64305220
1506	41.17103900	-8.60831360
1507	41.17221620	-8.60780080
1508	41.15724900	-8.64346850
1509	41.15735810	-8.64332900
1510	41.15648570	-8.64103270
1511	41.15739650	-8.64353820
1512	41.16224050	-8.64361570
1513	41.16350160	-8.64772330
1514	41.16444760	-8.64562840
1515	41.16365330	-8.64570710
1516	41.16327640	-8.64330420
1517	41.16261640	-8.64600690
1518	41.16163190	-8.64637340
1519	41.16192370	-8.64803630
1520	41.16215400	-8.64843840
1521	41.16185730	-8.64765780
1522	41.16385190	-8.64709130
1523	41.16130400	-8.64061720
1524	41.16171660	-8.64132970
1525	41.15752820	-8.59892000
1526	41.15808940	-8.60162650
1527	41.15925580	-8.60043280
1528	41.15791690	-8.60075130
1529	41.15765800	-8.60178970
1530	41.15695490	-8.60039750
1531	41.15718930	-8.60071790
1532	41.15698900	-8.60077680
1533	41.15706510	-8.60055290
1534	41.15780910	-8.60026160
1535	41.15661410	-8.60017020
1536	41.15666190	-8.59944260
1537	41.15705690	-8.59712130
1538	41.15628870	-8.59720630
1539	41.15518190	-8.59578480
1540	41.15447700	-8.59899350
1541	41.15426700	-8.59713330
1542	41.15367780	-8.59723050
1543	41.15294000	-8.59428340
1544	41.15424860	-8.59385760
1545	41.15360470	-8.59115960
1546	41.15458070	-8.59202690
1547	41.15120710	-8.59428880
1548	41.15290070	-8.59371110
1549	41.15462790	-8.58940960
1550	41.15282470	-8.59609380
1551	41.15298540	-8.59487750
1552	41.15282520	-8.59302310
1553	41.15268990	-8.59239360
1554	41.15355960	-8.59152910
1555	41.15329410	-8.59227290
1556	41.15393620	-8.59325370
1557	41.15227520	-8.58672750
1558	41.15090120	-8.58617800
1559	41.17468480	-8.63956930
1560	41.15342760	-8.58803150
1561	41.15265000	-8.59087570
1562	41.14995900	-8.59023940
1563	41.15253040	-8.59096620
1564	41.15190420	-8.59063680
1565	41.15267020	-8.58947740
1566	41.15450380	-8.58667140
1567	41.15117800	-8.58649660
1568	41.15165310	-8.58562920
1569	41.15216830	-8.58667170
1570	41.15203810	-8.58555770
1571	41.14753640	-8.59094040
1572	41.15015260	-8.59129220
1573	41.14805210	-8.59133280
1574	41.14869780	-8.59031370
1575	41.14998860	-8.59066080
1576	41.14869370	-8.59066860
1577	41.14800090	-8.58985490
1578	41.14819850	-8.59047060
1579	41.14290580	-8.58715300
1580	41.14417140	-8.58730440
1581	41.14633320	-8.58431190
1582	41.14371360	-8.58727030
1583	41.14523520	-8.58615230
1584	41.14600020	-8.58503960
1585	41.14332030	-8.58671240
1586	41.14399410	-8.58536360
1587	41.14500910	-8.58557360
1588	41.14392440	-8.58607090
1589	41.14565350	-8.58754680
1590	41.14526160	-8.58946480
1591	41.14560620	-8.58733680
1592	41.14475800	-8.58747190
1593	41.14561970	-8.58724530
1594	41.14537010	-8.58661760
1595	41.14357380	-8.58876310
1596	41.14336730	-8.58869960
1597	41.14488030	-8.58994850
1598	41.14591310	-8.58879790
1599	41.14683920	-8.58893050
1600	41.14578520	-8.58693580
1601	41.14693140	-8.58591230
1602	41.14607990	-8.58754790
1603	41.14678790	-8.58757280
1604	41.14640160	-8.58710220
1605	41.14662330	-8.58665960
1606	41.14608120	-8.58405700
1607	41.14690390	-8.58161310
1608	41.14647910	-8.58299960
1609	41.14708780	-8.58272050
1610	41.14616820	-8.58377810
1611	41.14743870	-8.58399460
1612	41.14686130	-8.58385940
1613	41.14694810	-8.58443330
1614	41.15466590	-8.64801530
1615	41.16266390	-8.62001990
1616	41.16152530	-8.62061690
1617	41.17523800	-8.60748010
1618	41.15079820	-8.59370160
1619	41.14645950	-8.60416130
1620	41.16383220	-8.63120630
1621	41.16357050	-8.63188990
1622	41.14157390	-8.63494590
1623	41.14059670	-8.63459130
1624	41.16324530	-8.63816610
1625	41.16231000	-8.63838110
1626	41.14936740	-8.62292570
1627	41.14964310	-8.62087520
1628	41.15026870	-8.61209890
1629	41.15010640	-8.61280150
1630	41.14826790	-8.61298980
1631	41.14983140	-8.61298350
1632	41.14919920	-8.61044960
1633	41.14928660	-8.61119980
1634	41.17271490	-8.58890310
1635	41.17469150	-8.59242720
1636	41.17208590	-8.58695560
1637	41.17229010	-8.58764790
1638	41.16843750	-8.58984580
1639	41.17043130	-8.58842130
1640	41.17295150	-8.58725160
1641	41.15421220	-8.64505220
1642	41.15417640	-8.64487120
1643	41.15450590	-8.64501090
1644	41.15250500	-8.58116570
1645	41.15257220	-8.58070530
1646	41.15389390	-8.58167770
1647	41.17321420	-8.63364470
1648	41.17326740	-8.63338470
1649	41.17166670	-8.63462030
1650	41.17352760	-8.63672830
1651	41.16394940	-8.63332650
1652	41.16442140	-8.63422790
1653	41.17349510	-8.62270180
1654	41.17331980	-8.62385390
1655	41.17355600	-8.62203120
1656	41.15540490	-8.63957030
1657	41.15469120	-8.63983670
1658	41.15345990	-8.64026970
1659	41.15574050	-8.63746800
1660	41.16629590	-8.64265950
1661	41.16631410	-8.64135090
1662	41.16681340	-8.64184590
1663	41.16840070	-8.64353740
1664	41.16863350	-8.64382520
1665	41.16757650	-8.64257930
1666	41.16653270	-8.64103830
1667	41.17211540	-8.63288350
1668	41.17158380	-8.63267230
1669	41.16335740	-8.63354620
1670	41.16812720	-8.64041970
1671	41.16952080	-8.63210870
1672	41.15021730	-8.63792370
1673	41.15170410	-8.64270030
1674	41.15036540	-8.63756650
1675	41.15115360	-8.63805200
1676	41.17285290	-8.62614530
1677	41.17285970	-8.62609990
1678	41.15029770	-8.63750710
1679	41.15080360	-8.63646020
1680	41.17365700	-8.62243540
1681	41.17323340	-8.62298940
1682	41.17356180	-8.61961650
1683	41.15103950	-8.63761630
1684	41.17522770	-8.62317640
1685	41.17445110	-8.62355090
1686	41.17363670	-8.61957990
1687	41.15108930	-8.64066900
1688	41.15079430	-8.64071690
1689	41.17109390	-8.62327190
1690	41.17351430	-8.62000970
1691	41.14742820	-8.62056810
1692	41.14749440	-8.62148900
1693	41.17382760	-8.61946370
1694	41.15314880	-8.61002610
1695	41.15354690	-8.60870350
1696	41.15378680	-8.61203220
1697	41.16411350	-8.57980360
1698	41.16415070	-8.58083120
1699	41.14192930	-8.64163170
1700	41.16478040	-8.64083800
1701	41.16467340	-8.63973330
1702	41.14064010	-8.62425390
1703	41.14077650	-8.62426800
1704	41.16533250	-8.64405780
1705	41.16516400	-8.64406740
1706	41.14285050	-8.63441150
1707	41.14386570	-8.63525640
1708	41.14414400	-8.64230640
1709	41.14238870	-8.64225990
1710	41.14378480	-8.61089090
1711	41.14360710	-8.61089210
1712	41.15655790	-8.59965450
1713	41.15453960	-8.60002090
1714	41.14323660	-8.64098110
1715	41.16075120	-8.64649510
1716	41.16158500	-8.64633660
1717	41.14181280	-8.64851890
1718	41.14064690	-8.62520000
1719	41.14421880	-8.64187310
1720	41.14266680	-8.63958350
1721	41.15804350	-8.65096110
1722	41.14331210	-8.64011310
1723	41.14207630	-8.64187390
1724	41.14258190	-8.64793140
1725	41.14585170	-8.64199950
1726	41.14343370	-8.64252520
1727	41.14314300	-8.64679410
1728	41.14332010	-8.64630280
1729	41.14159440	-8.64042580
1730	41.14110440	-8.62329430
1731	41.14571270	-8.63898420
1732	41.14514350	-8.64129430
1733	41.14145900	-8.64821870
1734	41.14167480	-8.64664570
1735	41.14210360	-8.64142040
1736	41.14229910	-8.63914750
1737	41.14545240	-8.63795230
1738	41.14344060	-8.64654570
1739	41.14183810	-8.64127060
1740	41.14208430	-8.64143170
1741	41.14517260	-8.64064800
1742	41.14137880	-8.64867710
1743	41.14385630	-8.63827560
1744	41.14336380	-8.63794830
1745	41.14310950	-8.64073910
1746	41.14249860	-8.64141460
1747	41.16402260	-8.57971050
1748	41.14379920	-8.64551790
1749	41.14435160	-8.64671780
1750	41.14165130	-8.64660090
1751	41.14514040	-8.64446990
1752	41.14319060	-8.64599420
1753	41.15916840	-8.63569570
1754	41.14524560	-8.63734770
1755	41.14447960	-8.63621140
1756	41.14469780	-8.63924890
1757	41.14058050	-8.63464890
1758	41.14346650	-8.63670530
1759	41.14152500	-8.63520290
1760	41.14464060	-8.63806220
1761	41.14388450	-8.63926600
1762	41.14092390	-8.63490440
1763	41.14053610	-8.63593610
1764	41.14450690	-8.63521120
1765	41.14214990	-8.63889630
1766	41.14345500	-8.63827500
1767	41.14051860	-8.63522430
1768	41.14081940	-8.63500900
1769	41.14116670	-8.64100290
1770	41.14111160	-8.64053490
1771	41.14196530	-8.64185990
1772	41.14376770	-8.64393070
1773	41.14473450	-8.64331270
1774	41.14126920	-8.64215790
1775	41.14216370	-8.64483180
1776	41.14083640	-8.64228390
1777	41.14354180	-8.63640720
1778	41.14436270	-8.63950230
1779	41.14258230	-8.64192980
1780	41.14157330	-8.64207460
1781	41.14481330	-8.64403210
1782	41.14387010	-8.64546110
1783	41.14262670	-8.64157850
1784	41.14270960	-8.64163750
1785	41.16601810	-8.60927340
1786	41.16649500	-8.60702470
1787	41.16240890	-8.60683670
1788	41.16349040	-8.60650250
1789	41.16576320	-8.60971060
1790	41.16511580	-8.61008620
1791	41.16629350	-8.60968320
1792	41.16603230	-8.60969490
1793	41.16086300	-8.60753320
1794	41.15933310	-8.58063040
1795	41.15850950	-8.57981770
1796	41.16981910	-8.63213770
1797	41.16686380	-8.62727380
1798	41.16667790	-8.62650460
1799	41.16694530	-8.62643170
1800	41.16970110	-8.62749780
1801	41.16955910	-8.63063200
1802	41.15796600	-8.63267990
1803	41.15718880	-8.63567680
1804	41.15775010	-8.63540540
1805	41.17103450	-8.60489950
1806	41.16905080	-8.63942960
1807	41.17236010	-8.62985600
1808	41.16275080	-8.63099610
1809	41.16352450	-8.62746730
1810	41.16309410	-8.61425040
1811	41.16214300	-8.61424010
1812	41.15217200	-8.58064930
1813	41.16065970	-8.65085090
1814	41.16162940	-8.65087660
1815	41.16193860	-8.65112680
1816	41.16175060	-8.65155750
1817	41.16991440	-8.59381550
1818	41.16953360	-8.59452980
1819	41.17140460	-8.59347210
1820	41.17565280	-8.59168410
1821	41.17207450	-8.60175380
1822	41.17378550	-8.60123440
1823	41.17421920	-8.58664150
1824	41.17191260	-8.60001470
1825	41.17195350	-8.59967750
1826	41.17232660	-8.59926490
1827	41.17215250	-8.59979100
1828	41.17272660	-8.59950170
1829	41.17240050	-8.59994410
1830	41.17214890	-8.60000300
1831	41.17258500	-8.59941250
1832	41.17294260	-8.60354740
1833	41.17367490	-8.60456480
1834	41.17204410	-8.60164310
1835	41.16479570	-8.64655580
1836	41.16571900	-8.64442850
1837	41.16779230	-8.63812190
1838	41.16697220	-8.62722940
1839	41.16692270	-8.62563560
1840	41.16735130	-8.63835370
1841	41.16810250	-8.63026470
1842	41.17154910	-8.62281900
1843	41.17314130	-8.62574160
1844	41.16658780	-8.64423190
1845	41.15047570	-8.63787690
1846	41.14947410	-8.64122460
1847	41.15808220	-8.63055180
1848	41.15794760	-8.63032710
1849	41.16147250	-8.63742170
1850	41.15938430	-8.63821530
1851	41.15827650	-8.63022140
1852	41.15823510	-8.63054500
1853	41.16022820	-8.63486720
1854	41.15988100	-8.63287150
1855	41.15864830	-8.63325300
1856	41.16053450	-8.63268310
1857	41.16477450	-8.63900070
1858	41.16307150	-8.63553040
1859	41.16282080	-8.63534550
1860	41.16451990	-8.63782640
1861	41.16379330	-8.63720590
1862	41.16369830	-8.63336160
1863	41.15850350	-8.62340600
1864	41.15466660	-8.62568490
1865	41.15437040	-8.62654520
1866	41.15539760	-8.62571300
1867	41.15560100	-8.62603230
1868	41.15552230	-8.62539500
1869	41.15606110	-8.62680990
1870	41.15533960	-8.62586750
1871	41.15613180	-8.62686280
1872	41.15500380	-8.62693940
1873	41.16129190	-8.64971930
1874	41.16157270	-8.65058060
1875	41.16143400	-8.64974120
1876	41.16128810	-8.64885190
1877	41.14206200	-8.60855500
1878	41.14273810	-8.61415200
1879	41.14852990	-8.60708750
1880	41.14876140	-8.60786210
1881	41.14217270	-8.61748300
1882	41.14189090	-8.61653620
1883	41.14331060	-8.61595240
1884	41.14722740	-8.61533410
1885	41.16607260	-8.58936490
1886	41.16662180	-8.58848400
1887	41.16718590	-8.58951530
1888	41.16683220	-8.58894130
1889	41.16485190	-8.59339740
1890	41.16477960	-8.59341460
1891	41.16295310	-8.59169070
1892	41.16313410	-8.59152220
1893	41.15614780	-8.59841610
1894	41.16669880	-8.58695780
1895	41.16718500	-8.58683770
1896	41.16721670	-8.58683140
1897	41.16831170	-8.58695030
1898	41.16821730	-8.58592740
1899	41.16884280	-8.58690380
1900	41.16854710	-8.58695900
1901	41.16594150	-8.58113360
1902	41.16620530	-8.58826100
1903	41.16742400	-8.58529320
1904	41.16764130	-8.58539260
1905	41.16483440	-8.58189150
1906	41.16631950	-8.58847090
1907	41.16668180	-8.58628710
1908	41.17009230	-8.58195300
1909	41.16940730	-8.58426790
1910	41.16960930	-8.58286810
1911	41.16971240	-8.58324260
1912	41.16919130	-8.58350170
1913	41.16859800	-8.58345160
1914	41.16147610	-8.59186700
1915	41.16878660	-8.58732520
1916	41.16222350	-8.59125090
1917	41.16212850	-8.59106660
1918	41.16176180	-8.59139240
1919	41.16188590	-8.59153120
1920	41.15870790	-8.58211280
1921	41.14806610	-8.61835570
1922	41.14804470	-8.61881430
1923	41.16552020	-8.59836970
1924	41.16555300	-8.59862150
1925	41.16402130	-8.58915300
1926	41.14899570	-8.58640360
1927	41.14937290	-8.58804690
1928	41.15070110	-8.58608030
1929	41.14983420	-8.58625600
1930	41.14888350	-8.58643390
1931	41.14882860	-8.58609570
1932	41.14898480	-8.58613470
1933	41.17505040	-8.64429030
1934	41.17523550	-8.64400810
1935	41.17557430	-8.64346350
1936	41.17072900	-8.64214480
1937	41.15548680	-8.62832280
1938	41.15622260	-8.62876860
1939	41.15352270	-8.62875530
1940	41.15346170	-8.63068050
1941	41.15646730	-8.62897430
1942	41.15551870	-8.62795490
1943	41.15692050	-8.62306630
1944	41.15581290	-8.62755950
1945	41.15705050	-8.62854820
1946	41.15562240	-8.62741190
1947	41.15558870	-8.62786490
1948	41.15553750	-8.62782620
1949	41.15577240	-8.62114930
1950	41.15587160	-8.62084860
1951	41.15278740	-8.63244700
1952	41.15256120	-8.63263110
1953	41.15381910	-8.63205580
1954	41.15268800	-8.63281350
1955	41.15263100	-8.63324480
1956	41.15263760	-8.63226030
1957	41.15261150	-8.63111610
1958	41.15458810	-8.62685190
1959	41.15481760	-8.62093880
1960	41.15532230	-8.61956510
1961	41.15481010	-8.62060490
1962	41.15501160	-8.61984740
1963	41.15519210	-8.64377820
1964	41.15531910	-8.64449430
1965	41.15634710	-8.64368730
1966	41.15606610	-8.64436020
1967	41.15000650	-8.62401640
1968	41.14777090	-8.62266370
1969	41.14873490	-8.61619580
1970	41.15097730	-8.61486040
1971	41.15092590	-8.61471270
1972	41.15029450	-8.61309760
1973	41.15168030	-8.61387360
1974	41.15155010	-8.61460510
1975	41.15713800	-8.61263090
1976	41.15718340	-8.61274780
1977	41.15696060	-8.61270070
1978	41.15514740	-8.62864430
1979	41.17547040	-8.62490870
1980	41.17470770	-8.62456930
1981	41.17580970	-8.62593900
1982	41.17535900	-8.62769700
1983	41.17469600	-8.62541740
1984	41.17570140	-8.62395290
1985	41.17579460	-8.62454370
1986	41.17580960	-8.62339500
1987	41.17507050	-8.62315850
1988	41.17550350	-8.62492340
1989	41.16089240	-8.64655440
1990	41.14356970	-8.58107540
1991	41.16679740	-8.59505430
1992	41.16616230	-8.59472130
1993	41.15278340	-8.57930360
1994	41.15427210	-8.57980820
1995	41.16564430	-8.57988310
1996	41.15484550	-8.58072800
1997	41.15423700	-8.58031500
1998	41.16492840	-8.58029700
1999	41.16527510	-8.57988690
2000	41.15320300	-8.57992290
2001	41.15322880	-8.57936350
2002	41.16596940	-8.57952730
2003	41.16609430	-8.57973490
2004	41.15407480	-8.57973010
2005	41.16782490	-8.57972790
2006	41.16599140	-8.57986860
2007	41.16445010	-8.58055240
2008	41.15474190	-8.58161770
2009	41.15410820	-8.58044440
2010	41.14321090	-8.60913300
2011	41.14319660	-8.60880960
2012	41.14267790	-8.60310210
2013	41.14234230	-8.60381880
2014	41.14301590	-8.60102080
2015	41.14171200	-8.59631970
2016	41.16745870	-8.59662800
2017	41.16751690	-8.59674170
2018	41.16653540	-8.60302820
2019	41.16653480	-8.60340060
2020	41.14614940	-8.60710940
2021	41.14702870	-8.60682150
2022	41.14739340	-8.60865290
2023	41.14625360	-8.61028390
2024	41.17581510	-8.62782280
2025	41.17549410	-8.63363410
2026	41.17272310	-8.63341040
2027	41.17228030	-8.63390460
2028	41.17179180	-8.63391860
2029	41.17235070	-8.63480620
2030	41.17371040	-8.63388680
2031	41.17318520	-8.63445230
2032	41.17230760	-8.63562430
2033	41.17310230	-8.63474610
2034	41.17563970	-8.63328540
2035	41.17545160	-8.63324430
2036	41.17435680	-8.63412910
2037	41.17367930	-8.63600850
2038	41.17290710	-8.63565900
2039	41.17562920	-8.63061900
2040	41.17373210	-8.63616530
2041	41.17446950	-8.63691920
2042	41.17431340	-8.63409420
2043	41.17442260	-8.63417370
2044	41.17295340	-8.63989750
2045	41.14313920	-8.58662790
2046	41.14748220	-8.63082290
2047	41.14823880	-8.58431330
2048	41.14959330	-8.58394500
2049	41.16290170	-8.58861240
2050	41.16228840	-8.58674410
2051	41.16241280	-8.59035480
2052	41.16304480	-8.58981460
2053	41.15092610	-8.58030180
2054	41.15067960	-8.58132820
2055	41.15012420	-8.58014800
2056	41.16252180	-8.58942830
2057	41.16306570	-8.58900500
2058	41.14435480	-8.59994290
2059	41.17587200	-8.62142840
2060	41.17320050	-8.63729530
2061	41.17259350	-8.63746310
2062	41.17218420	-8.63543110
2063	41.17161420	-8.63578590
2064	41.15801240	-8.64581860
2065	41.15822060	-8.64543570
2066	41.15783420	-8.64597250
2067	41.15784230	-8.64558670
2068	41.15793580	-8.64593680
2069	41.15968060	-8.64592120
2070	41.15745730	-8.64567170
2071	41.15772100	-8.64832370
2072	41.15810330	-8.64755660
2073	41.15777650	-8.64730240
2074	41.15740180	-8.64804210
2075	41.15727490	-8.65000740
2076	41.15646060	-8.65153830
2077	41.15784800	-8.64807030
2078	41.15819230	-8.64855230
2079	41.15848590	-8.64781030
2080	41.15802270	-8.64858980
2081	41.15642430	-8.64857320
2082	41.14276850	-8.60410520
2083	41.14293870	-8.60544340
2084	41.14829530	-8.62441050
2085	41.14721960	-8.62042010
2086	41.14862960	-8.61919290
2087	41.14868900	-8.61974770
2088	41.16857860	-8.62673630
2089	41.16893420	-8.64385000
2090	41.16747380	-8.64188960
2091	41.16737190	-8.58814930
2092	41.16103920	-8.59190150
2093	41.16389960	-8.58956970
2094	41.16084760	-8.64666490
2095	41.16093250	-8.64718580
2096	41.16088570	-8.64730240
2097	41.16082310	-8.64652660
2098	41.16060720	-8.64527120
2099	41.14282490	-8.63974570
2100	41.14294470	-8.64022600
2101	41.17566230	-8.58390770
2102	41.17459180	-8.58308660
2103	41.16431330	-8.58269360
2104	41.16421260	-8.58282350
2105	41.16565660	-8.58201040
2106	41.16552490	-8.58183040
2107	41.17160750	-8.58546230
2108	41.17263100	-8.58494600
2109	41.17393540	-8.58427650
2110	41.16534530	-8.58217590
2111	41.16552010	-8.58227540
2112	41.16429270	-8.58105280
2113	41.16947370	-8.57933860
2114	41.16427270	-8.58263820
2115	41.14684090	-8.60194010
2116	41.15272910	-8.63214970
2117	41.15288990	-8.63229410
2118	41.16975420	-8.62706770
2119	41.16765960	-8.62658230
2120	41.15562790	-8.62762220
2121	41.15567950	-8.62766570
2122	41.15320610	-8.64989710
2123	41.15304320	-8.64998530
2124	41.15305550	-8.64977610
2125	41.15543840	-8.63049720
2126	41.15533750	-8.63033230
2127	41.15519430	-8.63026760
2128	41.14861630	-8.62541530
2129	41.15492010	-8.62691310
2130	41.15405330	-8.62662940
2131	41.15628570	-8.61787440
2132	41.15606050	-8.61795740
2133	41.15601590	-8.61769760
2134	41.15257340	-8.59680620
2135	41.15223150	-8.59701350
2136	41.15459510	-8.62677860
2137	41.14834920	-8.59881530
2138	41.17050140	-8.62328830
2139	41.15549090	-8.61330900
2140	41.15531920	-8.61353880
2141	41.17005510	-8.63088330
2142	41.14869310	-8.63693970
2143	41.15183590	-8.63281460
2144	41.15108030	-8.63368380
2145	41.14857410	-8.62510090
2146	41.15574420	-8.61192980
2147	41.16523830	-8.64354400
2148	41.16452360	-8.64544840
2149	41.16510710	-8.63012600
2150	41.16992050	-8.62579360
2151	41.16980790	-8.62668650
2152	41.16808780	-8.62991630
2153	41.16691340	-8.63317380
2154	41.16461190	-8.63177260
2155	41.16678620	-8.63040680
2156	41.16759370	-8.62958370
2157	41.17159980	-8.63575650
2158	41.17324920	-8.63729830
2159	41.17288820	-8.63562190
2160	41.16615870	-8.63854900
2161	41.16661310	-8.63772300
2162	41.17378820	-8.57930840
2163	41.17388300	-8.58077970
2164	41.14323530	-8.58646280
2165	41.14295770	-8.60211540
2166	41.15210620	-8.65097940
2167	41.15426330	-8.64806730
2168	41.15442170	-8.64817510
2169	41.15501820	-8.64900320
2170	41.15525890	-8.64920550
2171	41.15520090	-8.64929600
2172	41.15536330	-8.64912050
2173	41.15494380	-8.64867680
2174	41.15116740	-8.64982460
2175	41.15830180	-8.63301070
2176	41.15850680	-8.63298170
2177	41.16608690	-8.58856890
2178	41.16625580	-8.58849770
2179	41.15911030	-8.64755420
2180	41.15023110	-8.59125950
2181	41.15971510	-8.63963680
2182	41.14933390	-8.58806270
2183	41.15950160	-8.63838070
2184	41.15952510	-8.63902530
2185	41.14983570	-8.58978000
2186	41.14976370	-8.58981430
2187	41.16048950	-8.64457700
2188	41.16031920	-8.64317620
2189	41.16030600	-8.64334510
2190	41.16452410	-8.58924060
2191	41.16381750	-8.63309810
2192	41.15347100	-8.60475660
2193	41.15185170	-8.60503470
2194	41.14717630	-8.61218610
2195	41.16158680	-8.63004920
2196	41.16084910	-8.62925400
2197	41.16145380	-8.63033050
2198	41.16081390	-8.62940750
2199	41.16084040	-8.62914980
2200	41.16162400	-8.62997100
2201	41.16380200	-8.63019510
2202	41.16451680	-8.63055990
2203	41.16153050	-8.63016620
2204	41.16519980	-8.64271970
2205	41.15524460	-8.60626450
2206	41.15580520	-8.60604560
2207	41.17453560	-8.63575290
2208	41.17577560	-8.63610220
2209	41.16037890	-8.64389520
2210	41.17346790	-8.62678950
2211	41.17482000	-8.62638090
2212	41.17101720	-8.60482340
2213	41.17097990	-8.60494630
2214	41.16981990	-8.60586940
2215	41.16033740	-8.64400350
2216	41.15842040	-8.62801240
2217	41.16044500	-8.64430290
2218	41.14784010	-8.61092530
2219	41.16650340	-8.61158660
2220	41.14671760	-8.58523260
2221	41.14579260	-8.58585170
2222	41.15014380	-8.59821690
2223	41.15277280	-8.59901630
2224	41.15209940	-8.59923010
2225	41.15272290	-8.59855930
2226	41.15242290	-8.59873080
2227	41.15263300	-8.59803830
2228	41.15197060	-8.59852140
2229	41.15250380	-8.59911360
2230	41.15234380	-8.59831980
2231	41.15256180	-8.59746900
2232	41.15169950	-8.60000500
2233	41.15458010	-8.59370940
2234	41.15477880	-8.59409640
2235	41.15393220	-8.59396430
2236	41.17422450	-8.59979510
2237	41.17367620	-8.59946980
2238	41.17329060	-8.59923720
2239	41.14518590	-8.61088040
2240	41.14518870	-8.61072960
2241	41.14824240	-8.61579300
2242	41.17462480	-8.60643300
2243	41.17457580	-8.60830840
2244	41.17455920	-8.60983790
2245	41.17379840	-8.60784500
2246	41.17263760	-8.60829500
2247	41.17168580	-8.60711440
2248	41.14594990	-8.61421780
2249	41.16073560	-8.62844250
2250	41.15891090	-8.62906770
2251	41.15254280	-8.62617410
2252	41.15180490	-8.65133520
2253	41.15085690	-8.65066830
2254	41.15522120	-8.63869790
2255	41.15594440	-8.63841650
2256	41.14163250	-8.59544470
2257	41.14162810	-8.59553660
2258	41.14176450	-8.59604540
2259	41.14143250	-8.59576990
2260	41.14144660	-8.59550510
2261	41.14831830	-8.61800870
2262	41.15240470	-8.59863620
2263	41.15203060	-8.59885420
2264	41.15845220	-8.59261640
2265	41.15010060	-8.60718050
2266	41.15048490	-8.60891090
2267	41.15089970	-8.60998390
2268	41.14831780	-8.60632940
2269	41.14718670	-8.60221120
2270	41.16966200	-8.59714900
2271	41.17580980	-8.61743210
2272	41.17530390	-8.61714170
2273	41.17520530	-8.61787930
2274	41.17569360	-8.61981940
2275	41.17581700	-8.61936770
2276	41.17521990	-8.61953610
2277	41.17541670	-8.61840510
2278	41.17501190	-8.61922860
2279	41.17558410	-8.61880700
2280	41.15250720	-8.62616530
2281	41.15259310	-8.63087250
2282	41.15230540	-8.60687430
2283	41.15022710	-8.60774980
2284	41.15209810	-8.60605070
2285	41.16459490	-8.63915130
2286	41.17023250	-8.64250150
2287	41.17040510	-8.64274640
2288	41.17027980	-8.64281230
2289	41.16094900	-8.60415490
2290	41.16184860	-8.60416070
2291	41.16090270	-8.63159590
2292	41.16361380	-8.62910600
2293	41.14813130	-8.59796860
2294	41.14913240	-8.59364450
2295	41.15002040	-8.59829010
2296	41.15138980	-8.58989630
2297	41.15176920	-8.59048240
2298	41.14372430	-8.58881800
2299	41.14424750	-8.58847450
2300	41.14826860	-8.59743310
2301	41.14839250	-8.59748600
2302	41.14884400	-8.59496200
2303	41.14896000	-8.59501030
2304	41.14879210	-8.59574620
2305	41.15558210	-8.59218830
2306	41.15549220	-8.59217260
2307	41.14899760	-8.59429290
2308	41.14910860	-8.59434310
2309	41.14840830	-8.59683610
2310	41.14852830	-8.59689060
2311	41.14855200	-8.59623640
2312	41.14866850	-8.59628880
2313	41.14439110	-8.59923070
2314	41.14452730	-8.60020660
2315	41.15405950	-8.59279100
2316	41.15380330	-8.59306290
2317	41.15563200	-8.59155070
2318	41.15320960	-8.60540440
2319	41.14873540	-8.60986240
2320	41.14605810	-8.61110750
2321	41.14606650	-8.61062550
2322	41.14487650	-8.60813370
2323	41.14473760	-8.60761780
2324	41.14414270	-8.60745900
2325	41.14427410	-8.60778460
2326	41.14336840	-8.60869990
2327	41.14284250	-8.60934820
2328	41.14263620	-8.60976700
2329	41.14220510	-8.60734220
2330	41.14167540	-8.60870690
2331	41.14325350	-8.61145040
2332	41.14346460	-8.61195570
2333	41.14352610	-8.61077980
2334	41.14508910	-8.61089970
2335	41.14271150	-8.61369430
2336	41.14273750	-8.61187610
2337	41.14265280	-8.61228270
2338	41.14280430	-8.61232190
2339	41.14332760	-8.61110670
2340	41.14315900	-8.61098980
2341	41.14279990	-8.61233890
2342	41.14283150	-8.61352560
2343	41.14235310	-8.61305070
2344	41.16727810	-8.63325130
2345	41.16793010	-8.63355790
2346	41.16520550	-8.63212930
2347	41.16524100	-8.63201800
2348	41.16638370	-8.63284200
2349	41.16637000	-8.63469350
2350	41.14836540	-8.61121850
2351	41.15706820	-8.61141320
2352	41.16186660	-8.60431960
2353	41.14571720	-8.61085300
2354	41.16862700	-8.63017860
2355	41.16794050	-8.62858730
2356	41.16938180	-8.63054580
2357	41.16836130	-8.62828550
2358	41.16766170	-8.62883320
2359	41.16964560	-8.63035450
2360	41.16856480	-8.62682390
2361	41.16900430	-8.63036210
2362	41.16816150	-8.62842890
2363	41.17068340	-8.63623050
2364	41.16975340	-8.63425640
2365	41.16957320	-8.63274830
2366	41.16981950	-8.63428270
2367	41.14283460	-8.61470430
2368	41.14276150	-8.61424660
2369	41.14268160	-8.61417360
2370	41.14283140	-8.61407080
2371	41.14245410	-8.61751910
2372	41.14226730	-8.61764520
2373	41.14221070	-8.61776180
2374	41.14344400	-8.61741810
2375	41.14491370	-8.61673220
2376	41.14356810	-8.61743320
2377	41.14311290	-8.61764030
2378	41.14323680	-8.61743190
2379	41.14520360	-8.61555610
2380	41.14273470	-8.60831880
2381	41.14243820	-8.60780470
2382	41.14238740	-8.60834060
2383	41.16814780	-8.63739450
2384	41.16713630	-8.63795320
2385	41.17289620	-8.64125160
2386	41.17264540	-8.64140240
2387	41.16539800	-8.63598320
2388	41.16597580	-8.63470240
2389	41.17240490	-8.63721920
2390	41.17123070	-8.63782100
2391	41.16678000	-8.63714080
2392	41.16728500	-8.63735510
2393	41.16849870	-8.63187170
2394	41.16775040	-8.63152190
2395	41.14261720	-8.60758410
2396	41.14322040	-8.60247430
2397	41.14209730	-8.60619350
2398	41.14335970	-8.60778850
2399	41.14325940	-8.60783500
2400	41.16436100	-8.60625810
2401	41.17109190	-8.60401410
2402	41.16653900	-8.62687150
2403	41.16419930	-8.60188670
2404	41.16379290	-8.60161200
2405	41.16643470	-8.62657370
2406	41.16936980	-8.60612640
2407	41.16071880	-8.62834650
2408	41.15966180	-8.63062890
2409	41.16295370	-8.63102390
2410	41.16290350	-8.63138320
2411	41.15440480	-8.63236110
2412	41.15402630	-8.63176160
2413	41.15331060	-8.63254410
2414	41.14667120	-8.61116560
2415	41.14670330	-8.61150540
2416	41.14706770	-8.61143840
2417	41.14702680	-8.61109250
2418	41.14825050	-8.61215000
2419	41.14811190	-8.61235770
2420	41.14696780	-8.61520960
2421	41.14672140	-8.61496020
2422	41.14664930	-8.61527770
2423	41.14565460	-8.61549710
2424	41.14558540	-8.61531660
2425	41.14729260	-8.61590260
2426	41.15163690	-8.62478780
2427	41.15052650	-8.62345970
2428	41.14458040	-8.61738120
2429	41.14484240	-8.61687550
2430	41.14305990	-8.61981500
2431	41.14275570	-8.62027620
2432	41.14396430	-8.62011890
2433	41.14466030	-8.61157660
2434	41.14536000	-8.61203370
2435	41.14489740	-8.61173620
2436	41.14605350	-8.61130830
2437	41.14605000	-8.61146140
2438	41.14882000	-8.61062440
2439	41.14115840	-8.61453470
2440	41.14595460	-8.62018710
2441	41.14369590	-8.62158080
2442	41.14186160	-8.61868430
2443	41.16492280	-8.63447080
2444	41.16586130	-8.64036510
2445	41.16530520	-8.63182020
2446	41.16550070	-8.63121390
2447	41.16680620	-8.63176400
2448	41.16543660	-8.63141240
2449	41.16976060	-8.63482860
2450	41.16978700	-8.63742690
2451	41.16920150	-8.63679410
2452	41.16451190	-8.63197820
2453	41.16510050	-8.63257980
2454	41.16537850	-8.63990500
2455	41.16471220	-8.62708360
2456	41.15975660	-8.62862840
2457	41.16472520	-8.63816730
2458	41.16485320	-8.63919350
2459	41.16525080	-8.63974860
2460	41.15445660	-8.60946410
2461	41.16242850	-8.59641850
2462	41.16276370	-8.59573240
2463	41.14827420	-8.60813450
2464	41.15361100	-8.61006160
2465	41.14477100	-8.60056220
2466	41.14394500	-8.60064190
2467	41.14467270	-8.60083770
2468	41.14373750	-8.60105360
2469	41.14369550	-8.60125340
2470	41.14380250	-8.60065250
2471	41.14469650	-8.60064350
2472	41.14470460	-8.60057810
2473	41.14460670	-8.60139670
2474	41.14461800	-8.60127030
2475	41.14567710	-8.60161230
2476	41.14720410	-8.60196080
2477	41.14715400	-8.60201800
2478	41.14713280	-8.60195710
2479	41.16481090	-8.63922500
2480	41.16472970	-8.63903200
2481	41.16522120	-8.63980480
2482	41.17234130	-8.62767500
2483	41.15386860	-8.63196890
2484	41.16002940	-8.64201420
2485	41.14811070	-8.60759470
2486	41.16010420	-8.64192430
2487	41.16178640	-8.63775480
2488	41.16274530	-8.63902470
2489	41.16492230	-8.64165470
2490	41.16462630	-8.64127940
2491	41.16482610	-8.64111120
2492	41.14318620	-8.61551930
2493	41.14916160	-8.61027900
2494	41.14115310	-8.61427800
2495	41.14249320	-8.61401740
2496	41.14247220	-8.61426030
2497	41.14167130	-8.61675420
2498	41.16742100	-8.64942010
2499	41.16510340	-8.64275030
2500	41.16047850	-8.60490910
2501	41.16044100	-8.60478500
2502	41.16395910	-8.59563490
2503	41.16338790	-8.59574280
2504	41.16354880	-8.59699470
2505	41.16412830	-8.59689850
2506	41.16793800	-8.64612870
2507	41.16754880	-8.64548050
2508	41.15016270	-8.60942080
2509	41.17182360	-8.61329440
2510	41.15884150	-8.61070850
2511	41.16901040	-8.58721600
2512	41.15002950	-8.61299160
2513	41.14824730	-8.61600340
2514	41.15868970	-8.62985860
2515	41.17136940	-8.62784060
2516	41.16966980	-8.62766220
2517	41.16919530	-8.62766460
2518	41.16847100	-8.62749500
2519	41.16533760	-8.64856430
2520	41.16520540	-8.64859540
2521	41.16493980	-8.64972750
2522	41.16537770	-8.64960730
2523	41.17442190	-8.64527680
2524	41.14846750	-8.61828710
2525	41.14899420	-8.61775560
2526	41.14902150	-8.61817900
2527	41.14835270	-8.61961830
2528	41.14870920	-8.62068420
2529	41.17508010	-8.61063060
2530	41.17574740	-8.61038080
2531	41.14308530	-8.61105820
2532	41.14314950	-8.61104900
2533	41.14311140	-8.61100810
2534	41.14310350	-8.61095340
2535	41.14331200	-8.61117740
2536	41.14202940	-8.60167080
2537	41.14822540	-8.60752520
2538	41.17589290	-8.62783590
2539	41.14388650	-8.61971570
2540	41.16980210	-8.60577120
2541	41.16947250	-8.60615600
2542	41.16644970	-8.60654970
2543	41.17128110	-8.60224520
2544	41.16507610	-8.62570440
2545	41.16507200	-8.62584840
2546	41.16473790	-8.62594280
2547	41.16512960	-8.62520270
2548	41.15843550	-8.63259920
2549	41.15801170	-8.63030760
2550	41.15842690	-8.63175620
2551	41.16388690	-8.63501380
2552	41.14555250	-8.62437640
2553	41.15224470	-8.61794300
2554	41.15450720	-8.62674890
2555	41.16573150	-8.61820260
2556	41.16271060	-8.61114840
2557	41.16390520	-8.62070180
2558	41.14939550	-8.60410930
2559	41.14763650	-8.60393130
2560	41.15107900	-8.60013080
2561	41.14563340	-8.60185240
2562	41.14847980	-8.59812350
2563	41.16471780	-8.59342920
2564	41.16369400	-8.59365550
2565	41.17409890	-8.58375510
2566	41.17365830	-8.61038070
2567	41.17370980	-8.61218950
2568	41.17354830	-8.61219220
2569	41.17381880	-8.61260250
2570	41.14787440	-8.62805730
2571	41.14881830	-8.62670870
2572	41.14568670	-8.63050720
2573	41.14922930	-8.62876220
2574	41.14919300	-8.62896040
2575	41.14910050	-8.62879240
2576	41.14994620	-8.62771390
2577	41.14842940	-8.63073600
2578	41.14074560	-8.62598940
2579	41.14489410	-8.63816170
2580	41.14091130	-8.63421850
2581	41.14176780	-8.63493250
2582	41.14096560	-8.63427280
2583	41.14087630	-8.63456610
2584	41.14075760	-8.63495570
2585	41.14078910	-8.63462670
2586	41.14130730	-8.63358870
2587	41.14102090	-8.63409240
2588	41.14422130	-8.63629380
2589	41.17331980	-8.63807840
2590	41.17324270	-8.63800770
2591	41.14724550	-8.61719570
2592	41.17395310	-8.64086310
2593	41.17340580	-8.64119430
2594	41.17398320	-8.64067300
2595	41.17399970	-8.64281590
2596	41.14121540	-8.62955740
2597	41.14199590	-8.63022180
2598	41.14387750	-8.63391380
2599	41.17464060	-8.63964730
2600	41.17429870	-8.63929350
2601	41.17475990	-8.63943690
2602	41.17558020	-8.63485300
2603	41.14300290	-8.59645920
2604	41.14592130	-8.59828740
2605	41.14596130	-8.59740210
2606	41.14703800	-8.59873010
2607	41.14793270	-8.59907000
2608	41.14835280	-8.59823940
2609	41.14672100	-8.59760810
2610	41.14601730	-8.59625720
2611	41.14570790	-8.59619810
2612	41.15952040	-8.59032090
2613	41.15791410	-8.59107740
2614	41.15848690	-8.59107210
2615	41.15815390	-8.58993500
2616	41.15847220	-8.59078610
2617	41.15841060	-8.59081960
2618	41.16044060	-8.59227180
2619	41.16083240	-8.59187960
2620	41.15958190	-8.59167200
2621	41.15798770	-8.59134640
2622	41.15756760	-8.59126700
2623	41.15029340	-8.62710680
2624	41.15147470	-8.62756110
2625	41.15022200	-8.62694500
2626	41.15159700	-8.62748850
2627	41.14859100	-8.62512960
2628	41.16834020	-8.62061000
2629	41.16764560	-8.62059130
2630	41.16761130	-8.62155150
2631	41.16933960	-8.62113310
2632	41.16759880	-8.61962850
2633	41.16754360	-8.62058860
2634	41.16178120	-8.62800840
2635	41.17478060	-8.62102860
2636	41.15095250	-8.60368640
2637	41.14431150	-8.60788810
2638	41.15191480	-8.60405710
2639	41.15192660	-8.60350470
2640	41.14969760	-8.60539830
2641	41.15041560	-8.60506470
2642	41.15145110	-8.61466800
2643	41.14222280	-8.64203710
2644	41.14251180	-8.64480900
2645	41.14272720	-8.60656740
2646	41.14330100	-8.60801910
2647	41.15153590	-8.60693610
2648	41.15150610	-8.60683360
2649	41.15157820	-8.60708860
2650	41.15160490	-8.60718170
2651	41.15334160	-8.60536890
2652	41.15326400	-8.60537000
2653	41.15334060	-8.60530520
2654	41.15343760	-8.60517830
2655	41.14653510	-8.58791690
2656	41.14602660	-8.59568530
2657	41.14627340	-8.59568240
2658	41.14588760	-8.59574730
2659	41.14790830	-8.59774210
2660	41.14783430	-8.59795850
2661	41.14574680	-8.59614230
2662	41.14704110	-8.58954950
2663	41.14728710	-8.59085420
2664	41.15263950	-8.63244110
2665	41.15271990	-8.63239160
2666	41.15567500	-8.63063050
2667	41.14913940	-8.63788850
2668	41.14988530	-8.63855420
2669	41.14400670	-8.60990760
2670	41.15124490	-8.62889250
2671	41.14862480	-8.62551460
2672	41.15344710	-8.60637910
2673	41.15327470	-8.60632870
2674	41.15343910	-8.60536770
2675	41.15353800	-8.60543790
2676	41.16035880	-8.59401270
2677	41.16058160	-8.59413580
2678	41.16775040	-8.58782770
2679	41.16857220	-8.58758080
2680	41.17555360	-8.62242400
2681	41.17148270	-8.64222120
2682	41.17072500	-8.64228800
2683	41.16149900	-8.62067610
2684	41.16090760	-8.61881280
2685	41.16067430	-8.61160180
2686	41.15917330	-8.61401780
2687	41.14607530	-8.61060650
2688	41.14541690	-8.61568950
2689	41.16089920	-8.61883210
2690	41.16063950	-8.61838320
2691	41.17572490	-8.64250480
2692	41.15659060	-8.64819650
2693	41.15627010	-8.64750410
2694	41.15707180	-8.64775110
2695	41.15690210	-8.64715300
2696	41.15820650	-8.65051890
2697	41.15795600	-8.65002300
2698	41.16187020	-8.61253540
2699	41.16200730	-8.61249230
2700	41.16210420	-8.61259430
2701	41.17586330	-8.63909970
2702	41.15746140	-8.64900550
2703	41.16162580	-8.64626110
2704	41.16122790	-8.64379840
2705	41.15694600	-8.64868690
2706	41.17497430	-8.61949700
2707	41.17510750	-8.61863590
2708	41.17572520	-8.61915390
2709	41.17545890	-8.61935790
2710	41.17530520	-8.61901250
2711	41.17588720	-8.61856960
2712	41.14836810	-8.59815580
2713	41.14846980	-8.63400830
2714	41.14848360	-8.63470380
2715	41.14823630	-8.63454640
2716	41.14075450	-8.65076040
2717	41.14635040	-8.63140280
2718	41.14620380	-8.63155560
2719	41.14588160	-8.57932630
2720	41.14772030	-8.63394720
2721	41.14636340	-8.63180660
2722	41.14998420	-8.59868510
2723	41.14085060	-8.63464930
2724	41.14082100	-8.63451900
2725	41.17176930	-8.59612770
2726	41.17156690	-8.59566390
2727	41.15303250	-8.62870610
2728	41.15371390	-8.62858750
2729	41.15725270	-8.64531080
2730	41.15903320	-8.65173740
2731	41.15941190	-8.65077700
2732	41.15921000	-8.65128860
2733	41.16013210	-8.65190790
2734	41.15930680	-8.65069140
2735	41.15954560	-8.65083820
2736	41.15099950	-8.60046060
2737	41.15352590	-8.59624690
2738	41.15377870	-8.59653830
2739	41.15328350	-8.60242710
2740	41.15326210	-8.60355230
2741	41.15104170	-8.60116560
2742	41.15675110	-8.59836600
2743	41.14895810	-8.60192100
2744	41.15555340	-8.58996120
2745	41.15625240	-8.58996660
2746	41.16752210	-8.58142370
2747	41.16747770	-8.58121720
2748	41.16943910	-8.58227900
2749	41.16896540	-8.58251010
2750	41.17032380	-8.58424270
2751	41.16996180	-8.58442830
2752	41.17357850	-8.58250760
2753	41.17368340	-8.58193300
2754	41.16775850	-8.58109720
2755	41.16693020	-8.58145120
2756	41.16763390	-8.58069820
2757	41.16687770	-8.58123380
2758	41.16920780	-8.58193800
2759	41.16771280	-8.58089810
2760	41.16886900	-8.58493980
2761	41.16831470	-8.58208120
2762	41.16812250	-8.58520610
2763	41.16712310	-8.58158210
2764	41.17547430	-8.58534300
2765	41.17546150	-8.58471880
2766	41.16798900	-8.58160720
2767	41.16849970	-8.58129130
2768	41.17327930	-8.58152860
2769	41.16851250	-8.58120710
2770	41.16986870	-8.58134290
2771	41.16786760	-8.57973290
2772	41.16764380	-8.58217190
2773	41.16688280	-8.58055700
2774	41.15926900	-8.64345510
2775	41.15825930	-8.64514730
2776	41.14399280	-8.58690540
2777	41.14429670	-8.58614030
2778	41.15834010	-8.58418660
2779	41.15798090	-8.58311850
2780	41.17160100	-8.65095620
2781	41.14357180	-8.58086710
2782	41.16716520	-8.62474070
2783	41.16780870	-8.62365940
2784	41.16835790	-8.62358430
2785	41.16759120	-8.62454610
2786	41.16771450	-8.62531370
2787	41.14555840	-8.60168940
2788	41.17441140	-8.59435100
2789	41.14652970	-8.58816130
2790	41.14877240	-8.58723320
2791	41.14889280	-8.58655070
2792	41.14125620	-8.63494000
2793	41.14271770	-8.63586540
2794	41.14092970	-8.63415330
2795	41.14112100	-8.63372780
2796	41.14234800	-8.63559450
2797	41.14176980	-8.63527530
2798	41.14068760	-8.63470250
2799	41.14171870	-8.64193640
2800	41.14246830	-8.64142600
2801	41.14266050	-8.64170950
2802	41.14256210	-8.64149260
2803	41.14298630	-8.63612290
2804	41.14533130	-8.63937920
2805	41.14526330	-8.63876910
2806	41.14538080	-8.64007690
2807	41.14216420	-8.64202100
2808	41.15644310	-8.63129050
2809	41.15589030	-8.63078840
2810	41.14099900	-8.64889720
2811	41.14115140	-8.64844890
2812	41.15025760	-8.61300050
2813	41.15021790	-8.61300860
2814	41.15031240	-8.61296630
2815	41.16715480	-8.60132530
2816	41.16677230	-8.60176570
2817	41.16517360	-8.59582220
2818	41.16505480	-8.59584070
2819	41.16503160	-8.59567250
2820	41.16514940	-8.59564080
2821	41.16476790	-8.59276440
2822	41.16127020	-8.60479060
2823	41.17014300	-8.63703040
2824	41.16369290	-8.63461800
2825	41.16348250	-8.63393310
2826	41.16464510	-8.63961820
2827	41.16511040	-8.63905440
2828	41.16528620	-8.63920450
2829	41.16381280	-8.63414740
2830	41.16454710	-8.63478180
2831	41.16434220	-8.62417590
2832	41.16031800	-8.62181280
2833	41.16034510	-8.62116870
2834	41.16025340	-8.62141680
2835	41.15268980	-8.59125120
2836	41.15263020	-8.59109560
2837	41.15258720	-8.59118600
2838	41.15271710	-8.58558230
2839	41.15251810	-8.58568420
2840	41.15260510	-8.58524230
2841	41.15343380	-8.58568690
2842	41.15092280	-8.59387040
2843	41.15087300	-8.59385240
2844	41.15551700	-8.58457250
2845	41.15527980	-8.58472660
2846	41.15171610	-8.59240430
2847	41.15118830	-8.59283260
2848	41.15114580	-8.59296770
2849	41.15083960	-8.59397180
2850	41.14850690	-8.59816230
2851	41.15080630	-8.59429070
2852	41.15041370	-8.59500920
2853	41.15086980	-8.59410710
2854	41.15085770	-8.59416640
2855	41.15031780	-8.59519020
2856	41.15017370	-8.59544850
2857	41.15107690	-8.59423890
2858	41.15145240	-8.59713080
2859	41.15134660	-8.59662370
2860	41.15160860	-8.59655350
2861	41.14506270	-8.63844310
2862	41.17510650	-8.62764310
2863	41.17507510	-8.62634300
2864	41.16898070	-8.63980540
2865	41.16735980	-8.64178510
2866	41.16936100	-8.64474260
2867	41.16984330	-8.62162560
2868	41.17036350	-8.62313160
2869	41.16195030	-8.63547030
2870	41.16158390	-8.63628570
2871	41.16140350	-8.63616140
2872	41.16284670	-8.62370750
2873	41.16297070	-8.62326840
2874	41.14118850	-8.62424820
2875	41.14236820	-8.62618310
2876	41.14180140	-8.62469530
2877	41.14108110	-8.64019420
2878	41.15515010	-8.60257020
2879	41.15516290	-8.60279410
2880	41.17374420	-8.60559190
2881	41.17370580	-8.60583770
2882	41.17546160	-8.63802720
2883	41.17510990	-8.63881920
2884	41.14108140	-8.61447810
2885	41.16061420	-8.62240730
2886	41.16041830	-8.62181570
2887	41.16045820	-8.62221670
2888	41.17573650	-8.59500830
2889	41.16587590	-8.63926650
2890	41.16577500	-8.63915920
2891	41.16918110	-8.63898220
2892	41.16949000	-8.63936170
2893	41.16843610	-8.63860530
2894	41.16752460	-8.63841890
2895	41.16274380	-8.63767310
2896	41.16280470	-8.63736140
2897	41.16968220	-8.62759720
2898	41.16937530	-8.62739100
2899	41.16508140	-8.63835050
2900	41.16600680	-8.63913970
2901	41.16594760	-8.63997320
2902	41.16561080	-8.63898010
2903	41.17001710	-8.63919140
2904	41.17066510	-8.63474420
2905	41.17016550	-8.63544380
2906	41.14412360	-8.58942290
2907	41.14298000	-8.58992280
2908	41.17565420	-8.64957760
2909	41.16591900	-8.58876950
2910	41.16884530	-8.59284010
2911	41.16806120	-8.59209910
2912	41.15633370	-8.62873310
2913	41.15697550	-8.62940800
2914	41.14611480	-8.57941770
2915	41.17534930	-8.60843660
2916	41.15030570	-8.65083230
2917	41.14955820	-8.65116790
2918	41.17375830	-8.58363110
2919	41.17311370	-8.58950940
2920	41.17336830	-8.58972020
2921	41.17400480	-8.58962050
2922	41.17379130	-8.58902390
2923	41.15623830	-8.58067100
2924	41.16516630	-8.58877180
2925	41.16519780	-8.58892010
2926	41.16567110	-8.58827330
2927	41.15591210	-8.58056020
2928	41.16015200	-8.58703900
2929	41.15625790	-8.58024530
2930	41.15615660	-8.58026790
2931	41.15764660	-8.58251170
2932	41.15731130	-8.58190540
2933	41.15217150	-8.58669570
2934	41.15720260	-8.58518540
2935	41.15659050	-8.58501750
2936	41.14858720	-8.63403610
2937	41.14853390	-8.63401160
2938	41.16509640	-8.64000000
2939	41.16525270	-8.64004970
2940	41.15428560	-8.65019140
2941	41.15404730	-8.65020340
2942	41.16397790	-8.63542570
2943	41.14510990	-8.58763130
2944	41.15277050	-8.59261280
2945	41.15254470	-8.59199250
2946	41.15128120	-8.64203810
2947	41.14959580	-8.64092940
2948	41.14612320	-8.64008200
2949	41.17256060	-8.64146150
2950	41.17003180	-8.65172440
2951	41.16789790	-8.65188290
2952	41.16706030	-8.65079050
2953	41.16875580	-8.64446770
2954	41.16858130	-8.64483900
2955	41.16742180	-8.64514680
2956	41.16790120	-8.64493430
2957	41.16748880	-8.64412820
2958	41.16106110	-8.64870050
2959	41.16093710	-8.64803600
2960	41.14880390	-8.64364430
2961	41.14893440	-8.64433530
2962	41.16055610	-8.64536100
2963	41.15983980	-8.64566120
2964	41.17056780	-8.60870360
2965	41.17022670	-8.60867440
2966	41.16993370	-8.60307730
2967	41.17044870	-8.60289430
2968	41.15770650	-8.59297040
2969	41.15834470	-8.59261060
2970	41.15825900	-8.59235450
2971	41.15824890	-8.59266460
2972	41.15817640	-8.59245820
2973	41.15414940	-8.58886020
2974	41.15477300	-8.58774290
2975	41.14809460	-8.59171430
2976	41.14951050	-8.59134920
2977	41.14950470	-8.59205130
2978	41.14872120	-8.59229200
2979	41.14770420	-8.60014970
2980	41.14813440	-8.60097120
2981	41.14754180	-8.60061600
2982	41.15779490	-8.60019270
2983	41.15783480	-8.60017400
2984	41.15797090	-8.60012570
2985	41.15850720	-8.60005120
2986	41.17007480	-8.65035720
2987	41.17054820	-8.64966060
2988	41.17074770	-8.64800240
2989	41.17547620	-8.60910660
2990	41.17572290	-8.60891600
2991	41.17571740	-8.60908190
2992	41.17473290	-8.60969490
2993	41.17121050	-8.61948340
2994	41.16998950	-8.61760600
2995	41.16771480	-8.61573020
2996	41.17139820	-8.61925800
2997	41.17149220	-8.61968180
2998	41.16725150	-8.62437470
2999	41.16713680	-8.62328090
3000	41.16530430	-8.62050600
3001	41.16536350	-8.62372090
3002	41.15995400	-8.62858040
3003	41.16767250	-8.61566230
3004	41.16787830	-8.61536290
3005	41.16744940	-8.61194800
3006	41.15068490	-8.59293690
3007	41.15114740	-8.59244930
3008	41.15340440	-8.58008760
3009	41.15375050	-8.58028110
3010	41.15516700	-8.57976890
3011	41.15331180	-8.58002000
3012	41.15325450	-8.58012560
3013	41.15736510	-8.59234930
3014	41.15814450	-8.59138260
3015	41.15777530	-8.59262430
3016	41.15765320	-8.59212340
3017	41.15778410	-8.59204820
3018	41.15791630	-8.59256800
3019	41.15789700	-8.59190020
3020	41.15805590	-8.59248850
3021	41.15800710	-8.59172100
3022	41.15810550	-8.59165670
3023	41.15825220	-8.59210160
3024	41.15098170	-8.59360200
3025	41.15100920	-8.59362750
3026	41.16372810	-8.59827730
3027	41.16327290	-8.59844120
3028	41.16225330	-8.59879580
3029	41.16299110	-8.59855610
3030	41.14964960	-8.63736320
3031	41.16539550	-8.63883450
3032	41.16533400	-8.63913100
3033	41.16496090	-8.63903860
3034	41.16504400	-8.63900290
3035	41.16512610	-8.63896350
3036	41.16532700	-8.63928090
3037	41.16536490	-8.63880790
3038	41.17130470	-8.59435440
3039	41.16831350	-8.60795490
3040	41.14107880	-8.59556400
3041	41.15335300	-8.65192040
3042	41.15850940	-8.62810030
3043	41.15834410	-8.62797140
3044	41.15879950	-8.62856960
3045	41.15886290	-8.62882350
3046	41.15901220	-8.62886400
3047	41.16494040	-8.65059530
3048	41.16573240	-8.65180450
3049	41.16952510	-8.64797430
3050	41.16962700	-8.64809510
3051	41.16492180	-8.64104480
3052	41.16509360	-8.64210820
3053	41.16988730	-8.60213520
3054	41.16942640	-8.60217490
3055	41.17045670	-8.59906760
3056	41.16705130	-8.59422940
3057	41.16751110	-8.64878180
3058	41.16822140	-8.64888380
3059	41.15248110	-8.65167680
3060	41.15219640	-8.65105400
3061	41.14840200	-8.64594970
3062	41.14875170	-8.63936040
3063	41.14876070	-8.63804840
3064	41.14868750	-8.63752270
3065	41.15094450	-8.64495340
3066	41.15371440	-8.64592760
3067	41.15344280	-8.64570700
3068	41.14236710	-8.64763240
3069	41.14218010	-8.64821170
3070	41.14158360	-8.64673920
3071	41.14133520	-8.64676620
3072	41.15553520	-8.60842360
3073	41.15569180	-8.60885640
3074	41.15560870	-8.60874320
3075	41.15572510	-8.60866310
3076	41.15357330	-8.60793310
3077	41.14855850	-8.63749370
3078	41.15725250	-8.60998460
3079	41.16437410	-8.64550430
3080	41.16166340	-8.64629310
3081	41.16166530	-8.64629950
3082	41.16200240	-8.64848480
3083	41.16146970	-8.64865100
3084	41.16840670	-8.58189940
3085	41.17267190	-8.58417190
3086	41.17400050	-8.58279700
3087	41.15555470	-8.59873910
3088	41.15547210	-8.59901030
3089	41.15453920	-8.60129990
3090	41.15625610	-8.60090930
3091	41.17092940	-8.62336050
3092	41.16589500	-8.58866520
3093	41.16104020	-8.60749100
3094	41.16217440	-8.60686050
3095	41.16274480	-8.62085320
3096	41.16048190	-8.62121570
3097	41.16328880	-8.62078820
3098	41.16515540	-8.63997320
3099	41.14793370	-8.65022080
3100	41.15044610	-8.65161260
3101	41.15205270	-8.65179550
3102	41.15193200	-8.65171130
3103	41.15013980	-8.64568780
3104	41.15347590	-8.64601700
3105	41.15487770	-8.65038710
3106	41.15510730	-8.65027860
3107	41.16781420	-8.64573860
3108	41.16812920	-8.64539090
3109	41.16826460	-8.64487220
3110	41.16816540	-8.64466360
3111	41.16803660	-8.64487420
3112	41.16773670	-8.64417500
3113	41.17408960	-8.64124800
3114	41.17346850	-8.64157020
3115	41.17542930	-8.64159380
3116	41.17497470	-8.64099250
3117	41.17362600	-8.63676490
3118	41.17568300	-8.63751800
3119	41.17287380	-8.64030910
3120	41.17317820	-8.64054760
3121	41.17290590	-8.63773950
3122	41.17231400	-8.63881760
3123	41.17269730	-8.63773080
3124	41.17268540	-8.63755860
3125	41.17324510	-8.62666700
3126	41.17483040	-8.62065320
3127	41.17096140	-8.58787640
3128	41.16905020	-8.58732680
3129	41.15436560	-8.58256400
3130	41.15477480	-8.58333640
3131	41.15737000	-8.57979280
3132	41.15735570	-8.58014450
3133	41.15439420	-8.59428490
3134	41.14689850	-8.59323850
3135	41.14720550	-8.59423360
3136	41.16371810	-8.62138140
3137	41.16406380	-8.62131300
3138	41.16401980	-8.62168100
3139	41.16373520	-8.62318560
3140	41.16410610	-8.62241740
3141	41.16687150	-8.62645040
3142	41.16848630	-8.63845500
3143	41.16736280	-8.63703640
3144	41.16743060	-8.63675860
3145	41.16221170	-8.64755710
3146	41.16213820	-8.64712680
3147	41.16222590	-8.64612420
3148	41.16211810	-8.64518490
3149	41.15538960	-8.64719950
3150	41.15529040	-8.64611610
3151	41.15906380	-8.63576790
3152	41.15947090	-8.63819150
3153	41.15595360	-8.63050440
3154	41.17515570	-8.61172600
3155	41.17490230	-8.61188070
3156	41.16968120	-8.62121030
3157	41.17180590	-8.61605420
3158	41.16987460	-8.60663390
3159	41.16977640	-8.60624100
3160	41.16916320	-8.60730530
3161	41.16924740	-8.60680590
3162	41.16986930	-8.60678170
3163	41.16943740	-8.60627510
3164	41.17105420	-8.60687600
3165	41.16988270	-8.60844350
3166	41.17015820	-8.60861180
3167	41.14399680	-8.64354540
3168	41.14356930	-8.64363440
3169	41.14404330	-8.64605430
3170	41.14483660	-8.64537230
3171	41.14371560	-8.64716130
3172	41.14360810	-8.61076450
3173	41.15841670	-8.63175870
3174	41.15950670	-8.63088390
3175	41.14288130	-8.60547260
3176	41.14339230	-8.60795660
3177	41.14961400	-8.64079830
3178	41.15773970	-8.63996370
3179	41.15793180	-8.64119750
3180	41.15761400	-8.64429360
3181	41.15753750	-8.64431840
